0.6052400000762940
0.7570800001716613
0.8154799999427795
0.8389199999809265
0.8635199999809265
0.8765600000190735
0.8833200002670288
0.8947600000190735
0.9064400002098083
0.8988000000572205
0.9001999999618531
0.9027200001525879
0.9283600000572204
0.9309600000000000
0.9219200002479553
0.9166000000000000
0.9226000000000000
0.9350800000000000
0.9425599999427795
0.9533200002479553
0.9398400002098084
0.9603600000000000
0.9636400000000001
0.9636800000572204
0.9665199999618530
0.9718000002479553
0.9708400000953674
0.9723600000000000
0.9572000001525879
0.9662800002098083
