0.6112000002670288
0.7508800001716613
0.8173600002479553
0.8470800001907348
0.8702400001716614
0.8812399999237061
0.8933200000762940
0.8740800003051757
0.8800800001525879
0.8817200001525879
0.8946800000953674
0.9022400000953674
0.9203600000000000
0.9239599999618531
0.9297999999618530
0.9378000000572204
0.9253600001144410
0.9333200000572205
0.9351600000572204
0.9341600000572204
0.9155999999618530
0.9255599999618530
0.9505600002098084
0.9660800002479554
0.9684000000000000
0.9630000001907348
0.9676800000953675
0.9508000000381470
0.9627600002479553
0.9609200002479553
