0.6143200002288819
0.7371200000953674
0.7937200000381470
0.8317599999237061
0.8543199999237061
0.8759200001144409
0.8798399999618530
0.8988400000572204
0.9005600000572205
0.9106000003051757
0.9175600000572205
0.9175600002479554
0.9028400003051757
0.8956000000572205
0.9060800000572204
0.9089200003051758
0.9158400003051758
0.9418800001525879
0.9478400000000000
0.9414400001525879
0.9418400002479553
0.9491200000000000
0.9633600000000000
0.9678400000000000
0.9710400000953674
0.9629200001525879
0.9480400000572204
0.9630400000953674
0.9749200002479553
0.9589200001525879
