0.6084399999618531
0.7454800001716614
0.8105200002288818
0.8440000002861023
0.8658800002288818
0.8810000000190735
0.8928000002670288
0.9032399999618530
0.9136800001144409
0.9180399999618530
0.9120000000000000
0.9224000002670288
0.9284000000190735
0.9249200000953675
0.9183200001525879
0.9252400000953674
0.9256000000953675
0.9333200001907349
0.9420399999427795
0.9606800000572204
0.9611600001716614
0.9646800003051758
0.9591600002479553
0.9647599999618530
0.9570399999618531
0.9394000000572205
0.9450799999618530
0.9488799999618530
0.9325200001144409
0.9429600000572205
