0.6121599999618530
0.7325599999237060
0.8078400000762940
0.8413999999237061
0.8623600002098083
0.8738400002098083
0.8878400001525879
0.8954000001525879
0.9048800000572205
0.8991200001144409
0.9136400000572205
0.9179600003051758
0.9195200001525878
0.9200000000953674
0.8803600000572205
0.9280800000953674
0.9334000000000000
0.9090800000000000
0.9369200000000000
0.9371200000953674
0.9375200001525879
0.9501200002479553
0.9442400000000000
0.9587200003051758
0.9616000002479553
0.9613200001525879
0.9384400003051758
0.9146000002670288
0.8840800000190735
0.9416400000572205
