0.8480799794197083
0.9271600246429443
0.9240400195121765
0.9484800100326538
0.9660400152206421
0.9739599823951721
0.9789599776268005
0.9855200052261353
0.9907600283622742
0.9936000108718872
0.9942799806594849
0.9955999851226807
0.9920799732208252
0.9880399703979492
0.9986400008201599
0.9986400008201599
0.9988399744033813
0.998520016670227
0.9976800084114075
0.9972000122070312
0.9769600033760071
0.9953200221061707
0.991919994354248
0.9963200092315674
0.9982399940490723
0.9982799887657166
0.9991199970245361
0.9990400075912476
0.998960018157959
0.9995200037956238