0.7265200018882751
0.8784800171852112
0.9317600131034851
0.9473599791526794
0.9638400077819824
0.9691200256347656
0.9746000170707703
0.9807999730110168
0.9807999730110168
0.9883999824523926
0.9900799989700317
0.9930800199508667
0.9866799712181091
0.9928799867630005
0.9962000250816345
0.9944000244140625
0.9962000250816345
0.9971200227737427
0.9978799819946289
0.9983599781990051
0.9948800206184387
0.9944400191307068
0.9962400197982788
0.9950799942016602
0.9972400069236755
0.998960018157959
0.9981600046157837
0.9804800152778625
0.998960018157959
0.9997599720954895