0.6804400086402893
0.7524799704551697
0.892799973487854
0.9344000220298767
0.9495199918746948
0.9615600109100342
0.9646000266075134
0.9766799807548523
0.9711599946022034
0.9773600101470947
0.9620400071144104
0.9861999750137329
0.9912800192832947
0.9896000027656555
0.9926000237464905
0.9930800199508667
0.9912800192832947
0.9963200092315674
0.9968400001525879
0.9961199760437012
0.9918000102043152
0.9715200066566467
0.9976400136947632
0.9978399872779846
0.9975600242614746
0.9986400008201599
0.9928799867630005
0.9984800219535828
0.998960018157959
0.9983199834823608