0.7638800144195557
0.9127600193023682
0.9312400221824646
0.9603599905967712
0.969760000705719
0.9562000036239624
0.9721999764442444
0.9785599708557129
0.9751200079917908
0.9880800247192383
0.9733999967575073
0.9863200187683105
0.9951599836349487
0.9954800009727478
0.99235999584198
0.9942399859428406
0.9917600154876709
0.9939200282096863
0.9973199963569641
0.9979199767112732
0.9960399866104126
0.9986400008201599
0.9988800287246704
0.9993199706077576
0.9980400204658508
0.995639979839325
0.9990000128746033
0.9987999796867371
0.9990800023078918
0.9983999729156494