0.7303199768066406
0.8758000135421753
0.925000011920929
0.9536399841308594
0.9636800289154053
0.9603999853134155
0.9755200147628784
0.9800400137901306
0.98580002784729
0.9827600121498108
0.9818400144577026
0.9909600019454956
0.9945999979972839
0.9925600290298462
0.9947199821472168
0.9965599775314331
0.9977999925613403
0.9944400191307068
0.9976400136947632
0.9956799745559692
0.996999979019165
0.9986000061035156
0.9948400259017944
0.9978799819946289
0.9970399737358093
0.9866799712181091
0.997439980506897
0.9986400008201599
0.9987199902534485
0.9907600283622742