9.142500000000000071e-01
9.428999999999999604e-01
9.555000000000000160e-01
9.624333333333333629e-01
9.667999999999999927e-01
9.703500000000000458e-01
9.726333333333333497e-01
9.746000000000000218e-01
9.760666666666666380e-01
9.771499999999999631e-01
9.782333333333332881e-01
9.792333333333332890e-01
9.799166666666666581e-01
9.805000000000000382e-01
9.812499999999999556e-01
9.818999999999999950e-01
9.822999999999999510e-01
9.826666666666666883e-01
9.831166666666666387e-01
9.834833333333333760e-01
9.839166666666666616e-01
9.842333333333332934e-01
9.845500000000000362e-01
9.848833333333333329e-01
9.851833333333332998e-01
9.855833333333333668e-01
9.857833333333333448e-01
9.858999999999999986e-01
9.860333333333333172e-01
9.863833333333332787e-01
9.866000000000000325e-01
9.868166666666666753e-01
9.871833333333333016e-01
9.874666666666667147e-01
9.876333333333333631e-01
9.879000000000000004e-01
9.881166666666666432e-01
9.883166666666666211e-01
9.884833333333333805e-01
9.886166666666666991e-01
9.887500000000000178e-01
9.889666666666666606e-01
9.890833333333333144e-01
9.892333333333332979e-01
9.893499999999999517e-01
9.893999999999999462e-01
9.895333333333333758e-01
9.897166666666666890e-01
9.897666666666666835e-01
9.899333333333333318e-01
9.900999999999999801e-01
9.902499999999999636e-01
9.903666666666666174e-01
9.903666666666666174e-01
9.904500000000000526e-01
9.905500000000000416e-01
9.906333333333333657e-01
9.908166666666666789e-01
9.908500000000000085e-01
9.909333333333333327e-01
9.911499999999999755e-01
9.912166666666666348e-01
9.912833333333332941e-01
9.913833333333332831e-01
9.914500000000000535e-01
9.915500000000000425e-01
9.916833333333333611e-01
9.917666666666666853e-01
9.918333333333333446e-01
9.919499999999999984e-01
9.920666666666666522e-01
9.921333333333333115e-01
9.922333333333333005e-01
9.923166666666666247e-01
9.923833333333332840e-01
9.924333333333332785e-01
9.925166666666667137e-01
9.926333333333333675e-01
9.927000000000000268e-01
9.927833333333333510e-01
9.928333333333333455e-01
9.928666666666666751e-01
9.929000000000000048e-01
9.929666666666666641e-01
9.929999999999999938e-01
9.930666666666666531e-01
9.931333333333333124e-01
9.931333333333333124e-01
9.931999999999999718e-01
9.931833333333333069e-01
9.932333333333333014e-01
9.932999999999999607e-01
9.933499999999999552e-01
9.933833333333332849e-01
9.933999999999999497e-01
9.934333333333332794e-01
9.934666666666667201e-01
9.935166666666667146e-01
9.936000000000000387e-01
9.936833333333333629e-01
9.937666666666666870e-01
9.938166666666666815e-01
9.938666666666666760e-01
9.939333333333333353e-01
9.940166666666666595e-01
9.940166666666666595e-01
9.941166666666666485e-01
9.941499999999999782e-01
9.941666666666666430e-01
9.941666666666666430e-01
9.942333333333333023e-01
9.942999999999999616e-01
9.943166666666666265e-01
9.943833333333332858e-01
9.944499999999999451e-01
9.944833333333333858e-01
9.945000000000000506e-01
9.945333333333333803e-01
9.945500000000000451e-01
9.945833333333333748e-01
9.946000000000000396e-01
9.946333333333333693e-01
9.946500000000000341e-01
9.946833333333333638e-01
9.947833333333333528e-01
9.948166666666666824e-01
9.948666666666666769e-01
9.949166666666666714e-01
9.949166666666666714e-01
9.949666666666666659e-01
9.949833333333333307e-01
9.950166666666666604e-01
9.950499999999999901e-01
9.951166666666666494e-01
9.951833333333333087e-01
9.952333333333333032e-01
9.952499999999999680e-01
9.952499999999999680e-01
9.952666666666666329e-01
9.952999999999999625e-01
9.953166666666666273e-01
9.953333333333332922e-01
9.953999999999999515e-01
9.954166666666666163e-01
9.954499999999999460e-01
9.954666666666667219e-01
9.954666666666667219e-01
9.954833333333333867e-01
9.955333333333333812e-01
9.955833333333333757e-01
9.955833333333333757e-01
9.956000000000000405e-01
9.956333333333333702e-01
9.956666666666666998e-01
9.956666666666666998e-01
9.957333333333333591e-01
9.957333333333333591e-01
9.958000000000000185e-01
9.958500000000000130e-01
9.958833333333333426e-01
9.959000000000000075e-01
9.959500000000000020e-01
9.959666666666666668e-01
9.959999999999999964e-01
9.960333333333333261e-01
9.960499999999999909e-01
9.960833333333333206e-01
9.960833333333333206e-01
9.960833333333333206e-01
9.961166666666666503e-01
9.961499999999999799e-01
9.961666666666666448e-01
9.961666666666666448e-01
9.962166666666666393e-01
9.962666666666666337e-01
9.962833333333332986e-01
9.962999999999999634e-01
9.963333333333332931e-01
9.963333333333332931e-01
9.963333333333332931e-01
9.963666666666666227e-01
9.963999999999999524e-01
9.963999999999999524e-01
9.964666666666666117e-01
9.965333333333333821e-01
9.965333333333333821e-01
9.966000000000000414e-01
9.966333333333333711e-01
9.966666666666667007e-01
9.967000000000000304e-01
9.967000000000000304e-01
9.967000000000000304e-01
9.967000000000000304e-01
9.967500000000000249e-01
9.967666666666666897e-01
9.967833333333333545e-01
9.968000000000000194e-01
9.968333333333333490e-01
9.968833333333333435e-01
9.969000000000000083e-01
