9.231500000000000261e-01
9.452666666666666995e-01
9.557833333333333181e-01
9.615500000000000158e-01
9.657499999999999973e-01
9.690833333333332966e-01
9.717166666666666730e-01
9.736666666666666803e-01
9.753333333333333854e-01
9.768333333333333313e-01
9.778499999999999970e-01
9.788666666666666627e-01
9.799499999999999877e-01
9.807500000000000107e-01
9.814333333333333798e-01
9.822333333333332916e-01
9.828000000000000069e-01
9.833499999999999464e-01
9.837666666666666782e-01
9.841666666666666341e-01
9.844833333333333769e-01
9.847333333333333494e-01
9.850499999999999812e-01
9.854500000000000481e-01
9.857333333333333503e-01
9.860166666666666524e-01
9.862166666666666304e-01
9.864833333333333787e-01
9.866833333333333567e-01
9.868333333333333401e-01
9.871333333333333071e-01
9.874500000000000499e-01
9.877500000000000169e-01
9.879999999999999893e-01
9.881333333333333080e-01
9.882499999999999618e-01
9.883999999999999453e-01
9.885166666666667101e-01
9.887833333333333474e-01
9.889000000000000012e-01
9.890166666666666551e-01
9.891999999999999682e-01
9.894166666666667220e-01
9.896166666666667000e-01
9.898166666666666780e-01
9.900166666666666559e-01
9.900499999999999856e-01
9.902166666666666339e-01
9.903166666666666229e-01
9.905166666666667119e-01
9.906333333333333657e-01
9.908000000000000140e-01
9.908333333333333437e-01
9.909833333333333272e-01
9.910999999999999810e-01
9.912333333333332996e-01
9.912999999999999590e-01
9.913333333333332886e-01
9.913666666666666183e-01
9.914666666666667183e-01
9.915333333333333776e-01
9.916333333333333666e-01
9.916500000000000314e-01
9.917333333333333556e-01
9.918166666666666798e-01
9.918500000000000094e-01
9.919666666666666632e-01
9.920833333333333171e-01
9.922499999999999654e-01
9.923166666666666247e-01
9.923833333333332840e-01
9.923833333333332840e-01
9.924500000000000544e-01
9.925166666666667137e-01
9.925333333333333785e-01
9.926000000000000378e-01
9.926500000000000323e-01
9.927333333333333565e-01
9.928333333333333455e-01
9.929333333333333345e-01
9.929666666666666641e-01
9.929999999999999938e-01
9.930999999999999828e-01
9.931166666666666476e-01
9.932166666666666366e-01
9.932499999999999662e-01
9.933166666666666256e-01
9.933333333333332904e-01
9.933499999999999552e-01
9.933666666666666201e-01
9.935000000000000497e-01
9.935166666666667146e-01
9.936166666666667036e-01
9.937000000000000277e-01
9.938000000000000167e-01
9.938500000000000112e-01
9.939166666666666705e-01
9.939833333333333298e-01
9.940499999999999892e-01
9.941333333333333133e-01
9.941999999999999726e-01
9.942166666666666375e-01
9.942333333333333023e-01
9.942833333333332968e-01
9.942999999999999616e-01
9.944166666666666154e-01
9.944499999999999451e-01
9.944833333333333858e-01
9.945166666666667155e-01
9.945833333333333748e-01
9.946000000000000396e-01
9.946333333333333693e-01
9.946500000000000341e-01
9.946833333333333638e-01
9.947000000000000286e-01
9.947333333333333583e-01
9.947666666666666879e-01
9.948000000000000176e-01
9.948333333333333472e-01
9.948666666666666769e-01
9.949166666666666714e-01
9.949333333333333362e-01
9.949500000000000011e-01
9.949500000000000011e-01
9.949833333333333307e-01
9.950333333333333252e-01
9.950333333333333252e-01
9.951166666666666494e-01
9.951499999999999790e-01
9.951333333333333142e-01
9.952166666666666384e-01
9.952333333333333032e-01
9.952499999999999680e-01
9.952999999999999625e-01
9.953499999999999570e-01
9.953833333333332867e-01
9.953999999999999515e-01
9.954499999999999460e-01
9.954333333333332812e-01
9.954666666666667219e-01
9.954666666666667219e-01
9.954833333333333867e-01
9.955000000000000515e-01
9.955666666666667108e-01
9.955833333333333757e-01
9.956166666666667053e-01
9.956833333333333647e-01
9.956833333333333647e-01
9.957166666666666943e-01
9.957500000000000240e-01
9.957833333333333536e-01
9.957833333333333536e-01
9.958333333333333481e-01
9.958333333333333481e-01
9.958666666666666778e-01
9.959000000000000075e-01
9.959500000000000020e-01
9.959833333333333316e-01
9.959999999999999964e-01
9.960166666666666613e-01
9.960333333333333261e-01
9.960666666666666558e-01
9.960833333333333206e-01
9.960833333333333206e-01
9.961166666666666503e-01
9.961166666666666503e-01
9.961833333333333096e-01
9.961999999999999744e-01
9.961999999999999744e-01
9.962166666666666393e-01
9.962333333333333041e-01
9.962666666666666337e-01
9.962833333333332986e-01
9.963333333333332931e-01
9.963499999999999579e-01
9.963833333333332876e-01
9.963999999999999524e-01
9.963999999999999524e-01
9.964333333333332821e-01
9.964333333333332821e-01
9.964666666666666117e-01
9.965166666666667172e-01
9.965166666666667172e-01
9.965500000000000469e-01
9.965666666666667117e-01
9.966333333333333711e-01
9.966166666666667062e-01
9.966833333333333655e-01
9.967000000000000304e-01
9.967166666666666952e-01
9.967166666666666952e-01
9.967666666666666897e-01
9.968333333333333490e-01
9.968666666666666787e-01
9.968833333333333435e-01
9.969166666666666732e-01
9.969166666666666732e-01
9.969000000000000083e-01
9.969333333333333380e-01
9.969833333333333325e-01
