9.128500000000000503e-01
9.378833333333332911e-01
9.506499999999999950e-01
9.579833333333332979e-01
9.626833333333333353e-01
9.664166666666667016e-01
9.695666666666666877e-01
9.717999999999999972e-01
9.739166666666666528e-01
9.755166666666666986e-01
9.766833333333333478e-01
9.779166666666666563e-01
9.787333333333333441e-01
9.794166666666667131e-01
9.799999999999999822e-01
9.807666666666666755e-01
9.813499999999999446e-01
9.819166666666666599e-01
9.824166666666667158e-01
9.829666666666666552e-01
9.835666666666667002e-01
9.838000000000000078e-01
9.841333333333333044e-01
9.845000000000000417e-01
9.848500000000000032e-01
9.851333333333333053e-01
9.854666666666667130e-01
9.856500000000000261e-01
9.859333333333333282e-01
9.861666666666666359e-01
9.863833333333332787e-01
9.866166666666666973e-01
9.866833333333333567e-01
9.869999999999999885e-01
9.871666666666666368e-01
9.873666666666666147e-01
9.874833333333333796e-01
9.877000000000000224e-01
9.879000000000000004e-01
9.881333333333333080e-01
9.883666666666666156e-01
9.885000000000000453e-01
9.886833333333333584e-01
9.889333333333333309e-01
9.890499999999999847e-01
9.891666666666666385e-01
9.893499999999999517e-01
9.893999999999999462e-01
9.895500000000000407e-01
9.896166666666667000e-01
9.897333333333333538e-01
9.898500000000000076e-01
9.899499999999999966e-01
9.899833333333333263e-01
9.901666666666666394e-01
9.902833333333332932e-01
9.903833333333332822e-01
9.904666666666667174e-01
9.905000000000000471e-01
9.906166666666667009e-01
9.907333333333333547e-01
9.908500000000000085e-01
9.908500000000000085e-01
9.909499999999999975e-01
9.910166666666666568e-01
9.911166666666666458e-01
9.911499999999999755e-01
9.912833333333332941e-01
9.913499999999999535e-01
9.914166666666666128e-01
9.914833333333333831e-01
9.915666666666667073e-01
9.917666666666666853e-01
9.918500000000000094e-01
9.919333333333333336e-01
9.919833333333333281e-01
9.920166666666666577e-01
9.920333333333333226e-01
9.921333333333333115e-01
9.921666666666666412e-01
9.922833333333332950e-01
9.923666666666666192e-01
9.924500000000000544e-01
9.925166666666667137e-01
9.925666666666667082e-01
9.926000000000000378e-01
9.926333333333333675e-01
9.927333333333333565e-01
9.927666666666666861e-01
9.928000000000000158e-01
9.928333333333333455e-01
9.929666666666666641e-01
9.929833333333333290e-01
9.929833333333333290e-01
9.930499999999999883e-01
9.930499999999999883e-01
9.930833333333333179e-01
9.931333333333333124e-01
9.931833333333333069e-01
9.932833333333332959e-01
9.932833333333332959e-01
9.932999999999999607e-01
9.934166666666666146e-01
9.934833333333333849e-01
9.935333333333333794e-01
9.936000000000000387e-01
9.936333333333333684e-01
9.937000000000000277e-01
9.937333333333333574e-01
9.938166666666666815e-01
9.939500000000000002e-01
9.939833333333333298e-01
9.940499999999999892e-01
9.941666666666666430e-01
9.941999999999999726e-01
9.942999999999999616e-01
9.943166666666666265e-01
9.943333333333332913e-01
9.943666666666666210e-01
9.943833333333332858e-01
9.944666666666667210e-01
9.945000000000000506e-01
9.945333333333333803e-01
9.945666666666667100e-01
9.946000000000000396e-01
9.946166666666667044e-01
9.946500000000000341e-01
9.947500000000000231e-01
9.948333333333333472e-01
9.948500000000000121e-01
9.949000000000000066e-01
9.949166666666666714e-01
9.949833333333333307e-01
9.949999999999999956e-01
9.950333333333333252e-01
9.950666666666666549e-01
9.950666666666666549e-01
9.950666666666666549e-01
9.950999999999999845e-01
9.950999999999999845e-01
9.951166666666666494e-01
9.951666666666666439e-01
9.951666666666666439e-01
9.951666666666666439e-01
9.951833333333333087e-01
9.951833333333333087e-01
9.952499999999999680e-01
9.952999999999999625e-01
9.953333333333332922e-01
9.953499999999999570e-01
9.953999999999999515e-01
9.954333333333332812e-01
9.954666666666667219e-01
9.954666666666667219e-01
9.955166666666667163e-01
9.955666666666667108e-01
9.955333333333333812e-01
9.955666666666667108e-01
9.956166666666667053e-01
9.956166666666667053e-01
9.956500000000000350e-01
9.956833333333333647e-01
9.956833333333333647e-01
9.957000000000000295e-01
9.957000000000000295e-01
9.957833333333333536e-01
9.958333333333333481e-01
9.958666666666666778e-01
9.958833333333333426e-01
9.958833333333333426e-01
9.959333333333333371e-01
9.959833333333333316e-01
9.959666666666666668e-01
9.960333333333333261e-01
9.960166666666666613e-01
9.960333333333333261e-01
9.960499999999999909e-01
9.960666666666666558e-01
9.960833333333333206e-01
9.960999999999999854e-01
9.961166666666666503e-01
9.961166666666666503e-01
9.961166666666666503e-01
9.961166666666666503e-01
9.961333333333333151e-01
9.961833333333333096e-01
9.962166666666666393e-01
9.962166666666666393e-01
9.962166666666666393e-01
9.962333333333333041e-01
9.962499999999999689e-01
9.962499999999999689e-01
9.962666666666666337e-01
9.962833333333332986e-01
9.962999999999999634e-01
9.963166666666666282e-01
9.963333333333332931e-01
9.963499999999999579e-01
9.963499999999999579e-01
9.963833333333332876e-01
