9.141166666666666885e-01
9.416499999999999870e-01
9.544500000000000206e-01
9.611499999999999488e-01
9.657666666666666622e-01
9.689666666666666428e-01
9.713333333333333819e-01
9.734666666666667023e-01
9.748499999999999943e-01
9.763500000000000512e-01
9.773833333333333817e-01
9.781666666666666288e-01
9.790833333333333055e-01
9.798666666666666636e-01
9.806833333333333513e-01
9.814000000000000501e-01
9.820999999999999730e-01
9.825500000000000345e-01
9.832499999999999574e-01
9.836500000000000243e-01
9.840999999999999748e-01
9.844500000000000473e-01
9.848166666666666735e-01
9.852833333333332888e-01
9.857833333333333448e-01
9.859499999999999931e-01
9.862999999999999545e-01
9.864833333333333787e-01
9.867666666666666808e-01
9.869166666666666643e-01
9.871666666666666368e-01
9.872666666666666258e-01
9.874000000000000554e-01
9.877333333333333520e-01
9.878833333333333355e-01
9.880499999999999838e-01
9.881499999999999728e-01
9.883333333333332860e-01
9.885000000000000453e-01
9.887333333333333529e-01
9.888000000000000123e-01
9.889000000000000012e-01
9.890666666666666496e-01
9.891499999999999737e-01
9.892499999999999627e-01
9.892499999999999627e-01
9.893499999999999517e-01
9.894166666666667220e-01
9.895666666666667055e-01
9.898166666666666780e-01
9.899666666666666615e-01
9.901166666666666449e-01
9.902166666666666339e-01
9.903333333333332877e-01
9.904333333333333877e-01
9.905500000000000416e-01
9.906666666666666954e-01
9.907166666666666899e-01
9.907833333333333492e-01
9.909333333333333327e-01
9.909666666666666623e-01
9.910333333333333217e-01
9.911499999999999755e-01
9.912333333333332996e-01
9.912999999999999590e-01
9.914333333333333886e-01
9.915166666666667128e-01
9.916166666666667018e-01
9.917166666666666908e-01
9.917833333333333501e-01
9.918666666666666742e-01
9.918666666666666742e-01
9.919499999999999984e-01
9.920166666666666577e-01
9.921333333333333115e-01
9.921999999999999709e-01
9.922333333333333005e-01
9.922999999999999599e-01
9.923666666666666192e-01
9.923833333333332840e-01
9.924166666666666137e-01
9.924666666666667192e-01
9.925333333333333785e-01
9.925500000000000433e-01
9.926000000000000378e-01
9.926333333333333675e-01
9.926500000000000323e-01
9.927166666666666917e-01
9.927500000000000213e-01
9.928333333333333455e-01
9.928833333333333400e-01
9.929499999999999993e-01
9.929499999999999993e-01
9.930666666666666531e-01
9.931333333333333124e-01
9.931666666666666421e-01
9.932499999999999662e-01
9.932833333333332959e-01
9.932833333333332959e-01
9.933166666666666256e-01
9.933666666666666201e-01
9.934333333333332794e-01
9.934166666666666146e-01
9.934833333333333849e-01
9.934500000000000552e-01
9.935000000000000497e-01
9.935333333333333794e-01
9.936000000000000387e-01
9.936333333333333684e-01
9.937333333333333574e-01
9.937666666666666870e-01
9.938166666666666815e-01
9.938166666666666815e-01
9.938333333333333464e-01
9.939000000000000057e-01
9.939333333333333353e-01
9.939833333333333298e-01
9.940333333333333243e-01
9.940333333333333243e-01
9.940833333333333188e-01
9.941666666666666430e-01
9.941833333333333078e-01
9.942499999999999671e-01
9.942833333333332968e-01
9.942833333333332968e-01
9.943166666666666265e-01
9.943666666666666210e-01
9.944499999999999451e-01
9.944833333333333858e-01
9.945333333333333803e-01
9.945500000000000451e-01
9.945833333333333748e-01
9.946333333333333693e-01
9.946500000000000341e-01
9.946666666666666989e-01
9.947500000000000231e-01
9.947166666666666934e-01
9.947666666666666879e-01
9.947833333333333528e-01
9.948000000000000176e-01
9.948333333333333472e-01
9.948500000000000121e-01
9.948666666666666769e-01
9.949166666666666714e-01
9.949833333333333307e-01
9.949833333333333307e-01
9.950666666666666549e-01
9.951499999999999790e-01
9.952166666666666384e-01
9.951666666666666439e-01
9.951833333333333087e-01
9.952666666666666329e-01
9.953166666666666273e-01
9.953833333333332867e-01
9.954333333333332812e-01
9.954666666666667219e-01
9.954666666666667219e-01
9.955000000000000515e-01
9.955333333333333812e-01
9.955833333333333757e-01
9.955833333333333757e-01
9.956000000000000405e-01
9.956500000000000350e-01
9.956500000000000350e-01
9.956666666666666998e-01
9.956833333333333647e-01
9.957000000000000295e-01
9.957000000000000295e-01
9.957166666666666943e-01
9.957333333333333591e-01
9.957333333333333591e-01
9.957833333333333536e-01
9.957833333333333536e-01
9.958166666666666833e-01
9.958666666666666778e-01
9.958833333333333426e-01
9.958500000000000130e-01
9.959166666666666723e-01
9.959000000000000075e-01
9.959500000000000020e-01
9.959666666666666668e-01
9.960166666666666613e-01
9.959999999999999964e-01
9.960166666666666613e-01
9.960333333333333261e-01
9.960499999999999909e-01
9.960666666666666558e-01
9.961166666666666503e-01
9.960999999999999854e-01
9.961833333333333096e-01
9.961666666666666448e-01
9.962166666666666393e-01
9.962333333333333041e-01
9.962499999999999689e-01
9.962666666666666337e-01
9.962833333333332986e-01
9.962999999999999634e-01
9.963166666666666282e-01
9.963666666666666227e-01
9.963999999999999524e-01
