9.121500000000000163e-01
9.436666666666666536e-01
9.574166666666666936e-01
9.649833333333333041e-01
9.690833333333332966e-01
9.718333333333333268e-01
9.742666666666666142e-01
9.760166666666666435e-01
9.774333333333333762e-01
9.785500000000000309e-01
9.795166666666667021e-01
9.805833333333333623e-01
9.810666666666666424e-01
9.818999999999999950e-01
9.825666666666666993e-01
9.829666666666666552e-01
9.834833333333333760e-01
9.838666666666666671e-01
9.843666666666666121e-01
9.846666666666666901e-01
9.851833333333332998e-01
9.856666666666666909e-01
9.860666666666666469e-01
9.864666666666667139e-01
9.866166666666666973e-01
9.868333333333333401e-01
9.870166666666666533e-01
9.873166666666666202e-01
9.875166666666667092e-01
9.876000000000000334e-01
9.878000000000000114e-01
9.879833333333333245e-01
9.879999999999999893e-01
9.881166666666666432e-01
9.882833333333332915e-01
9.884833333333333805e-01
9.886500000000000288e-01
9.887500000000000178e-01
9.889333333333333309e-01
9.890499999999999847e-01
9.891666666666666385e-01
9.892666666666666275e-01
9.895666666666667055e-01
9.898166666666666780e-01
9.900166666666666559e-01
9.900999999999999801e-01
9.901666666666666394e-01
9.903833333333332822e-01
9.905500000000000416e-01
9.907166666666666899e-01
9.907833333333333492e-01
9.909333333333333327e-01
9.910166666666666568e-01
9.910666666666666513e-01
9.911499999999999755e-01
9.911833333333333051e-01
9.912666666666666293e-01
9.913833333333332831e-01
9.914166666666666128e-01
9.915833333333333721e-01
9.916333333333333666e-01
9.917833333333333501e-01
9.919499999999999984e-01
9.919833333333333281e-01
9.920999999999999819e-01
9.921999999999999709e-01
9.922666666666666302e-01
9.922999999999999599e-01
9.922666666666666302e-01
9.924166666666666137e-01
9.924666666666667192e-01
9.925333333333333785e-01
9.926166666666667027e-01
9.926500000000000323e-01
9.927000000000000268e-01
9.927833333333333510e-01
9.928666666666666751e-01
9.929333333333333345e-01
9.930166666666666586e-01
9.930999999999999828e-01
9.931666666666666421e-01
9.932166666666666366e-01
9.933666666666666201e-01
9.934500000000000552e-01
9.934666666666667201e-01
9.935000000000000497e-01
9.935333333333333794e-01
9.935666666666667091e-01
9.935833333333333739e-01
9.936166666666667036e-01
9.936500000000000332e-01
9.937000000000000277e-01
9.937666666666666870e-01
9.938166666666666815e-01
9.938666666666666760e-01
9.939000000000000057e-01
9.939500000000000002e-01
9.939833333333333298e-01
9.940166666666666595e-01
9.940833333333333188e-01
9.941666666666666430e-01
9.941999999999999726e-01
9.942499999999999671e-01
9.942999999999999616e-01
9.943333333333332913e-01
9.943666666666666210e-01
9.943999999999999506e-01
9.944499999999999451e-01
9.945500000000000451e-01
9.945666666666667100e-01
9.946000000000000396e-01
9.946333333333333693e-01
9.946500000000000341e-01
9.947500000000000231e-01
9.948166666666666824e-01
9.948166666666666824e-01
9.948833333333333417e-01
9.949000000000000066e-01
9.949999999999999956e-01
9.950166666666666604e-01
9.950999999999999845e-01
9.951166666666666494e-01
9.951333333333333142e-01
9.951333333333333142e-01
9.951666666666666439e-01
9.951833333333333087e-01
9.952666666666666329e-01
9.953166666666666273e-01
9.953999999999999515e-01
9.954166666666666163e-01
9.954333333333332812e-01
9.954333333333332812e-01
9.954833333333333867e-01
9.955333333333333812e-01
9.955333333333333812e-01
9.955333333333333812e-01
9.956000000000000405e-01
9.956666666666666998e-01
9.956666666666666998e-01
9.956833333333333647e-01
9.957333333333333591e-01
9.957500000000000240e-01
9.958000000000000185e-01
9.958333333333333481e-01
9.958500000000000130e-01
9.958833333333333426e-01
9.959000000000000075e-01
9.959500000000000020e-01
9.959666666666666668e-01
9.960166666666666613e-01
9.960166666666666613e-01
9.960999999999999854e-01
9.961166666666666503e-01
9.961333333333333151e-01
9.961333333333333151e-01
9.961333333333333151e-01
9.961666666666666448e-01
9.962333333333333041e-01
9.962499999999999689e-01
9.962499999999999689e-01
9.962499999999999689e-01
9.962666666666666337e-01
9.962666666666666337e-01
9.962833333333332986e-01
9.963166666666666282e-01
9.963166666666666282e-01
9.963499999999999579e-01
9.963333333333332931e-01
9.963999999999999524e-01
9.963999999999999524e-01
9.964333333333332821e-01
9.965000000000000524e-01
9.965000000000000524e-01
9.965166666666667172e-01
9.965333333333333821e-01
9.965500000000000469e-01
9.965666666666667117e-01
9.966000000000000414e-01
9.966333333333333711e-01
9.966333333333333711e-01
9.966666666666667007e-01
9.966666666666667007e-01
9.967333333333333600e-01
9.967833333333333545e-01
9.967833333333333545e-01
9.967833333333333545e-01
9.968000000000000194e-01
9.968500000000000139e-01
9.968666666666666787e-01
9.968833333333333435e-01
9.968833333333333435e-01
9.969500000000000028e-01
9.969999999999999973e-01
9.969999999999999973e-01
9.969999999999999973e-01
9.970666666666666567e-01
9.970499999999999918e-01
9.971499999999999808e-01
9.971666666666666456e-01
9.971833333333333105e-01
