0.28126001358032227
0.6340199708938599
0.5362200140953064
0.7893999814987183
0.8293399810791016
0.8013799786567688
0.7029200196266174
0.8963199853897095
0.8200799822807312
0.906059980392456
0.7886199951171875
0.9088000059127808
0.9716399908065796
0.9290199875831604
0.9634799957275391
0.9505000114440918
0.9702399969100952
0.9585400223731995
0.960860013961792
0.9739800095558167
0.9877399802207947
0.9430400133132935
0.9700800180435181
0.9820200204849243
0.9021199941635132
0.9898599982261658
0.9796599745750427
0.9858199954032898
0.9937400221824646
0.9886599779129028
0.9544600248336792
0.9745000004768372
0.9961000084877014
0.9903200268745422
0.992139995098114
0.9949399828910828
0.9942399859428406
0.9840800166130066
0.9973400235176086
0.9850800037384033
0.9972599744796753
0.9956200122833252
0.9919000267982483
0.9926199913024902
0.9942600131034851
0.9936000108718872
0.9961400032043457
0.9973999857902527
0.9980800151824951
0.9923999905586243
0.9992600083351135
0.9999600052833557
0.9999799728393555
0.9974200129508972
0.9970399737358093
0.9812600016593933
0.9936400055885315
0.9690600037574768
0.9955400228500366
0.9970999956130981
0.9993799924850464
0.9971200227737427
0.9992600083351135
0.9960200190544128
0.9990599751472473
0.9994400143623352
0.9975000023841858
0.9999799728393555
0.998420000076294
0.9993199706077576
0.9998800158500671
0.9999399781227112
0.9999799728393555
1
1
0.9999799728393555
0.9999799728393555
0.9998000264167786
1
1
0.9671000242233276
0.9739800095558167
0.9970800280570984
0.9977800250053406
0.9986600279808044
0.9997199773788452
0.9995999932289124
0.9999600052833557
1
1
1
1
1
1
1
0.9999799728393555
1
1
1
1
1
0.9999799728393555
1
1
1
1
1
1
1
1
1
1
1
1
1
1
1
1
1
1
1
1
1
1
1
1
1
1
1
1
1
1
1
1
1
1
1
1
1
1
1
1
1
1
1
1
1
1
1
1
1
1
1
1
1
1
1
1
1
1
1
1
1
1
1
1
1
1
1
1
1
1
1
1
1
1
1
1
1
1
1
1
1
1
1
1
1
1
1
1
1
1
1
1
1
1
1
1
1
1