0.1965000033378601
0.5677599906921387
0.739139974117279
0.8367000222206116
0.762179970741272
0.7974399924278259
0.9096400141716003
0.8848000168800354
0.8920599818229675
0.8633800148963928
0.9053199887275696
0.918940007686615
0.9041399955749512
0.8906000256538391
0.9773399829864502
0.9735599756240845
0.9342399835586548
0.9785199761390686
0.8883399963378906
0.9456999897956848
0.9741799831390381
0.9727200269699097
0.9472399950027466
0.9815800189971924
0.98580002784729
0.9896199703216553
0.991919994354248
0.9730799794197083
0.9936400055885315
0.9902399778366089
0.9793800115585327
0.9757400155067444
0.9683200120925903
0.9977399706840515
0.9921200275421143
0.9946200251579285
0.9838200211524963
0.9930599927902222
0.9900599718093872
0.9916999936103821
0.9962599873542786
0.9907600283622742
0.9897000193595886
0.9941200017929077
0.9932000041007996
0.991100013256073
0.9972400069236755
0.9994000196456909
0.9993799924850464
0.9993399977684021
0.9984800219535828
0.9792400002479553
0.9841399788856506
0.9962999820709229
0.9992200136184692
0.9957000017166138
0.9963600039482117
0.9783999919891357
0.9940999746322632
0.9990400075912476
0.9988200068473816
0.9999399781227112
0.9967799782752991
0.9973000288009644
0.9986600279808044
0.9943199753761292
0.9911199808120728
0.9982799887657166
0.9949600100517273
0.993399977684021
0.9740800261497498
0.9942600131034851
0.9832800030708313
0.9956799745559692
0.9986000061035156
0.9992600083351135
0.9994800090789795
0.9996200203895569
0.9999399781227112
0.9998199939727783
0.9998400211334229
0.9999399781227112
1
1
1
1
1
1
1
1
1
1
1
1
1
1
1
1
1
1
1
1
1
1
1
1
1
1
1
1
1
1
1
1
1
1
1
1
1
1
1
1
1
1
1
1
1
1
1
1
1
1
1
1
1
1
1
1
1
1
1
1
1
1
1
1
1
1
1
1
1
1
1
1
1
1
1
1
1
1
1
1
1
1
1
1
1
1
1
1
1
1
1
1
1
1
1
1
1
1
1
1
1
1
1
1
1
1
1
1
1
1
1
1
1
1
1
1
1
1