0.1657799929380417
0.7285799980163574
0.6822999715805054
0.7132599949836731
0.7503600120544434
0.8451600074768066
0.8297399878501892
0.9068800210952759
0.9207599759101868
0.8843799829483032
0.9633399844169617
0.9508200287818909
0.887499988079071
0.8904799818992615
0.9383999705314636
0.9408599734306335
0.9526200294494629
0.9628400206565857
0.9429399967193604
0.9738199710845947
0.9036200046539307
0.9830999970436096
0.9853600263595581
0.9747200012207031
0.9702200293540955
0.9892200231552124
0.9805200099945068
0.9699199795722961
0.9895399808883667
0.9288399815559387
0.987779974937439
0.9832599759101868
0.9545400142669678
0.9507200121879578
0.9710599780082703
0.9799399971961975
0.9955999851226807
0.9942799806594849
0.9830600023269653
0.9906399846076965
0.9974200129508972
0.9976599812507629
0.9973400235176086
0.9929800033569336
0.9880800247192383
0.9956799745559692
0.9996399879455566
0.999779999256134
0.9998999834060669
0.9915599822998047
0.9937800168991089
0.9956200122833252
0.9971200227737427
0.9915800094604492
0.9970200061798096
0.9985399842262268
0.9973999857902527
0.9937199950218201
0.9989799857139587
0.9989799857139587
0.9975000023841858
0.9995200037956238
0.9996399879455566
0.9991999864578247
0.9998800158500671
0.9999799728393555
0.9986400008201599
0.9960399866104126
0.9992200136184692
0.9992200136184692
0.997439980506897
0.9966400265693665
0.9947199821472168
0.9969199895858765
0.9924200177192688
0.9988800287246704
0.9747200012207031
0.9972400069236755
0.9889199733734131
0.998520016670227
0.9997400045394897
0.9957799911499023
0.9984599947929382
0.9994999766349792
0.9955199956893921
0.9998599886894226
0.9994000196456909
0.9990800023078918
0.9998199939727783
0.9998400211334229
0.9998800158500671
0.9960200190544128
0.9997199773788452
0.997979998588562
0.9947599768638611
0.9848200082778931
0.9982399940490723
0.9993199706077576
0.9988800287246704
0.9998400211334229
0.9999200105667114
0.999779999256134
0.9999600052833557
0.9994000196456909
0.9999799728393555
1
0.9999600052833557
1
1
1
0.9995800256729126
1
1
1
1
1
1
1
1
1
1
1
1
1
1
1
1
1
1
1
1
1
1
1
1
1
1
1
1
1
1
1
1
1
1
1
1
1
1
1
1
1
1
1
1
1
1
1
1
1
1
1
1
1
1
1
1
1
1
1
1
1
1
1
1
1
1
1
1
1
1
1
1
1
1
1
1
1
1
1
1
1
1
1
1
1
1
1
1
1