0.2592200040817261
0.5865799784660339
0.7811800241470337
0.769599974155426
0.7984399795532227
0.8076199889183044
0.8869600296020508
0.8297200202941895
0.8971400260925293
0.938480019569397
0.8072199821472168
0.8998200297355652
0.927299976348877
0.9730799794197083
0.9750999808311462
0.9266800284385681
0.9600200057029724
0.83433997631073
0.9472399950027466
0.9583600163459778
0.9809600114822388
0.9751600027084351
0.9777799844741821
0.9795399904251099
0.9834399819374084
0.9514999985694885
0.9835000038146973
0.9626200199127197
0.9663199782371521
0.981440007686615
0.9853799939155579
0.9820600152015686
0.9964799880981445
0.9970999956130981
0.978879988193512
0.9893199801445007
0.9724199771881104
0.9757800102233887
0.9966199994087219
0.9990599751472473
0.9990400075912476
0.9935600161552429
0.9470599889755249
0.9980400204658508
0.9898200035095215
0.9759600162506104
0.993619978427887
0.9781000018119812
0.9976199865341187
0.9866399765014648
0.9943400025367737
0.9993000030517578
0.9991999864578247
0.9936000108718872
0.9982200264930725
0.9995399713516235
0.9952600002288818
0.9965800046920776
0.9985600113868713
0.9958000183105469
0.995419979095459
0.9951800107955933
0.9974799752235413
0.9993799924850464
0.9978200197219849
0.9972400069236755
0.9999200105667114
0.9966400265693665
0.9920600056648254
0.9961199760437012
0.9993399977684021
0.9998599886894226
1
1
1
1
1
1
1
1
1
1
1
1
1
1
1
1
1
1
1
1
1
1
1
1
1
1
1
1
1
1
1
1
1
1
1
1
1
1
1
1
1
1
1
1
1
1
1
1
1
1
1
1
1
1
1
1
1
1
1
1
1
1
1
1
1
1
1
1
1
1
1
1
1
1
1
1
1
1
1
1
1
1
1
1
1
1
1
1
1
1
1
1
1
1
1
1
1
1
1
1
1
1
1
1
1
1
1
1
1
1
1
1
1
1
1
1
1
1
1
1
1
1
1
1
1
1
1
1