0.295960009098053
0.7087799906730652
0.7421200275421143
0.7482399940490723
0.7953799962997437
0.8402000069618225
0.6851999759674072
0.867900013923645
0.7181599736213684
0.8065999746322632
0.9009799957275391
0.9495400190353394
0.9600600004196167
0.9299399852752686
0.9131799936294556
0.8660799860954285
0.9435200095176697
0.9863799810409546
0.9661800265312195
0.9914000034332275
0.953980028629303
0.9881399869918823
0.9592400193214417
0.9877200126647949
0.9894800186157227
0.9667199850082397
0.8784000277519226
0.9883400201797485
0.9825599789619446
0.9763200283050537
0.9892799854278564
0.9874200224876404
0.9981399774551392
0.9710400104522705
0.9925600290298462
0.9961000084877014
0.9968199729919434
0.9916999936103821
0.9971799850463867
0.9989200234413147
0.9845799803733826
0.9944800138473511
0.9905400276184082
0.9931399822235107
0.9769999980926514
0.9807000160217285
0.988319993019104
0.9978399872779846
0.9797800183296204
0.9993000030517578
0.9994400143623352
0.9979000091552734
0.9987599849700928
0.9934399724006653
0.9952399730682373
0.9667800068855286
0.9908400177955627
0.995959997177124
0.9962000250816345
0.9979000091552734
0.9965000152587891
0.9677600264549255
0.9973800182342529
0.9994199872016907
0.9998999834060669
0.9995200037956238
1
0.9999200105667114
1
1
0.9996799826622009
1
0.9987999796867371
0.9730200171470642
0.9939600229263306
0.998520016670227
0.9985399842262268
0.999779999256134
0.9998800158500671
1
1
1
1
1
1
1
0.9960200190544128
0.9998199939727783
1
1
1
1
1
1
1
1
1
1
0.9999799728393555
1
1
1
1
1
1
1
1
1
1
1
1
1
1
1
1
1
1
1
1
1
1
1
1
1
1
1
1
1
1
1
1
1
1
1
1
1
1
1
1
1
1
1
1
1
1
1
1
1
1
1
1
1
1
1
1
1
1
1
1
1
1
1
1
1
1
1
1
1
1
1
1
1
1
1
1
1
1
1
1
1
1
1
1
1
1
1
1
1
1
1
1
1
1
1
1
1
1
1
1
1