0.61728000000000005
0.76559999999999995
0.80871999999999999
0.84040000000000004
0.85087999999999997
0.86263999999999996
0.87716000000000005
0.88763999999999998
0.89283999999999997
0.90132000000000001
0.90307999999999999
0.91068000000000005
0.91491999999999996
0.91903999999999997
0.92223999999999995
0.92800000000000005
0.92759999999999998
0.92859999999999998
0.93840000000000001
0.94079999999999997
0.94716
0.94484000000000001
0.95587999999999995
0.94796000000000002
0.94144000000000005
0.95123999999999997
0.96467999999999998
0.96675999999999995
0.96708000000000005
0.96567999999999998
