0.62039999999999995
0.76032
0.81384000000000001
0.83443999999999996
0.84923999999999999
0.86468
0.87348000000000003
0.86980000000000002
0.87383999999999995
0.88944000000000001
0.89807999999999999
0.90903999999999996
0.91383999999999999
0.91915999999999998
0.92567999999999995
0.92667999999999995
0.93467999999999996
0.94064000000000003
0.94576000000000005
0.94835999999999998
0.94491999999999998
0.95408000000000004
0.95420000000000005
0.91847999999999996
0.95764000000000005
0.96348
0.96548
0.96743999999999997
0.95796000000000003
0.92896000000000001
