0.61324000000000001
0.76371999999999995
0.79935999999999996
0.82499999999999996
0.84423999999999999
0.85748000000000002
0.87072000000000005
0.88512000000000002
0.89271999999999996
0.89912000000000003
0.90251999999999999
0.91180000000000005
0.91244000000000003
0.91339999999999999
0.90980000000000005
0.92820000000000003
0.92456000000000005
0.92920000000000003
0.94803999999999999
0.94140000000000001
0.95287999999999995
0.95411999999999997
0.95860000000000001
0.95223999999999998
0.95091999999999999
0.93911999999999995
0.94040000000000001
0.93208000000000002
0.94972000000000001
0.95379999999999998
