0.62031999999999998
0.75819999999999999
0.79239999999999999
0.83243999999999996
0.84916000000000003
0.86124000000000001
0.86963999999999997
0.87956000000000001
0.88471999999999995
0.89539999999999997
0.90336000000000005
0.90927999999999998
0.91203999999999996
0.92015999999999998
0.91952
0.93264000000000002
0.93867999999999996
0.93991999999999998
0.93028
0.94128000000000001
0.94416
0.94608000000000003
0.94072
0.94791999999999998
0.95720000000000005
0.96064000000000005
0.96352000000000004
0.96043999999999996
0.96304000000000001
0.94316
