0.61536000000000002
0.76880000000000004
0.81223999999999996
0.83799999999999997
0.85684000000000005
0.86707999999999996
0.87539999999999996
0.86919999999999997
0.87524000000000002
0.89063999999999999
0.89676
0.90036000000000005
0.91183999999999998
0.91235999999999995
0.90771999999999997
0.92771999999999999
0.93464000000000003
0.94044000000000005
0.94203999999999999
0.93955999999999995
0.91520000000000001
0.94787999999999994
0.94172
0.94923999999999997
0.94472
0.92835999999999996
0.95875999999999995
0.96131999999999995
0.95548
0.95499999999999996
