3.035599887371063232e-01
5.975599884986877441e-01
5.530999898910522461e-01
6.299200057983398438e-01
7.782400250434875488e-01
8.171200156211853027e-01
8.046200275421142578e-01
8.103600144386291504e-01
8.948400020599365234e-01
8.432800173759460449e-01
8.831200003623962402e-01
8.842399716377258301e-01
9.151999950408935547e-01
9.746599793434143066e-01
9.151200056076049805e-01
9.691200256347656250e-01
9.610400199890136719e-01
9.401199817657470703e-01
9.707000255584716797e-01
9.693199992179870605e-01
9.706400036811828613e-01
9.728199839591979980e-01
9.854199886322021484e-01
9.784200191497802734e-01
9.917399883270263672e-01
9.658200144767761230e-01
9.585599899291992188e-01
9.336199760437011719e-01
9.941599965095520020e-01
9.880800247192382812e-01
9.933999776840209961e-01
9.661399722099304199e-01
9.954199790954589844e-01
9.879800081253051758e-01
9.829599857330322266e-01
9.998599886894226074e-01
9.956799745559692383e-01
9.921600222587585449e-01
9.554399847984313965e-01
9.946200251579284668e-01
9.922199845314025879e-01
9.837399721145629883e-01
9.897400140762329102e-01
9.420599937438964844e-01
9.733399748802185059e-01
9.875800013542175293e-01
9.893400073051452637e-01
9.933800101280212402e-01
9.941200017929077148e-01
9.980999827384948730e-01
9.988600015640258789e-01
9.982600212097167969e-01
9.977200031280517578e-01
9.884999990463256836e-01
9.975399971008300781e-01
9.962800145149230957e-01
9.965999722480773926e-01
9.963399767875671387e-01
9.815400242805480957e-01
9.971200227737426758e-01
9.989600181579589844e-01
9.896600246429443359e-01
9.973999857902526855e-01
9.983800053596496582e-01
9.988200068473815918e-01
9.993799924850463867e-01
9.997400045394897461e-01
9.998199939727783203e-01
9.989600181579589844e-01
9.998999834060668945e-01
9.998999834060668945e-01
1.000000000000000000e+00
1.000000000000000000e+00
1.000000000000000000e+00
1.000000000000000000e+00
1.000000000000000000e+00
1.000000000000000000e+00
1.000000000000000000e+00
1.000000000000000000e+00
1.000000000000000000e+00
1.000000000000000000e+00
1.000000000000000000e+00
1.000000000000000000e+00
1.000000000000000000e+00
1.000000000000000000e+00
1.000000000000000000e+00
1.000000000000000000e+00
1.000000000000000000e+00
1.000000000000000000e+00
1.000000000000000000e+00
1.000000000000000000e+00
1.000000000000000000e+00
1.000000000000000000e+00
1.000000000000000000e+00
1.000000000000000000e+00
1.000000000000000000e+00
1.000000000000000000e+00
1.000000000000000000e+00
1.000000000000000000e+00
1.000000000000000000e+00
1.000000000000000000e+00
1.000000000000000000e+00
1.000000000000000000e+00
1.000000000000000000e+00
1.000000000000000000e+00
1.000000000000000000e+00
1.000000000000000000e+00
1.000000000000000000e+00
1.000000000000000000e+00
1.000000000000000000e+00
1.000000000000000000e+00
1.000000000000000000e+00
1.000000000000000000e+00
1.000000000000000000e+00
1.000000000000000000e+00
1.000000000000000000e+00
1.000000000000000000e+00
1.000000000000000000e+00
1.000000000000000000e+00
1.000000000000000000e+00
1.000000000000000000e+00
1.000000000000000000e+00
1.000000000000000000e+00
1.000000000000000000e+00
1.000000000000000000e+00
1.000000000000000000e+00
1.000000000000000000e+00
1.000000000000000000e+00
1.000000000000000000e+00
1.000000000000000000e+00
1.000000000000000000e+00
1.000000000000000000e+00
1.000000000000000000e+00
1.000000000000000000e+00
1.000000000000000000e+00
1.000000000000000000e+00
1.000000000000000000e+00
1.000000000000000000e+00
1.000000000000000000e+00
1.000000000000000000e+00
1.000000000000000000e+00
1.000000000000000000e+00
1.000000000000000000e+00
1.000000000000000000e+00
1.000000000000000000e+00
1.000000000000000000e+00
1.000000000000000000e+00
1.000000000000000000e+00
1.000000000000000000e+00
1.000000000000000000e+00
1.000000000000000000e+00
1.000000000000000000e+00
1.000000000000000000e+00
1.000000000000000000e+00
1.000000000000000000e+00
1.000000000000000000e+00
1.000000000000000000e+00
1.000000000000000000e+00
1.000000000000000000e+00
1.000000000000000000e+00
1.000000000000000000e+00
1.000000000000000000e+00
1.000000000000000000e+00
1.000000000000000000e+00
1.000000000000000000e+00
1.000000000000000000e+00
1.000000000000000000e+00
1.000000000000000000e+00
1.000000000000000000e+00
1.000000000000000000e+00
1.000000000000000000e+00
1.000000000000000000e+00
1.000000000000000000e+00
1.000000000000000000e+00
1.000000000000000000e+00
1.000000000000000000e+00
1.000000000000000000e+00
1.000000000000000000e+00
1.000000000000000000e+00
1.000000000000000000e+00
1.000000000000000000e+00
1.000000000000000000e+00
1.000000000000000000e+00
1.000000000000000000e+00
1.000000000000000000e+00
1.000000000000000000e+00
1.000000000000000000e+00
1.000000000000000000e+00
1.000000000000000000e+00
1.000000000000000000e+00
1.000000000000000000e+00
1.000000000000000000e+00
1.000000000000000000e+00
1.000000000000000000e+00
1.000000000000000000e+00
1.000000000000000000e+00
1.000000000000000000e+00
1.000000000000000000e+00
1.000000000000000000e+00
1.000000000000000000e+00
