3.066000044345855713e-01
4.086599946022033691e-01
6.702799797058105469e-01
7.524799704551696777e-01
8.024600148200988770e-01
8.234999775886535645e-01
7.594599723815917969e-01
8.691599965095520020e-01
9.463199973106384277e-01
8.740800023078918457e-01
8.476200103759765625e-01
6.943600177764892578e-01
9.185799956321716309e-01
9.378799796104431152e-01
9.634000062942504883e-01
9.435600042343139648e-01
9.545999765396118164e-01
9.712200164794921875e-01
9.737200140953063965e-01
9.614599943161010742e-01
9.165199995040893555e-01
9.840199947357177734e-01
9.843400120735168457e-01
9.887400269508361816e-01
9.879599809646606445e-01
9.926999807357788086e-01
9.590399861335754395e-01
9.782000184059143066e-01
9.880800247192382812e-01
9.656000137329101562e-01
9.869400262832641602e-01
9.688599705696105957e-01
9.800199866294860840e-01
9.911999702453613281e-01
9.946600198745727539e-01
9.968799948692321777e-01
9.841399788856506348e-01
9.897000193595886230e-01
9.960200190544128418e-01
9.960600137710571289e-01
9.955800175666809082e-01
9.927800297737121582e-01
9.988200068473815918e-01
9.990800023078918457e-01
9.969000220298767090e-01
9.933599829673767090e-01
9.977200031280517578e-01
9.883199930191040039e-01
9.854000210762023926e-01
9.970999956130981445e-01
9.750999808311462402e-01
9.889199733734130859e-01
9.971200227737426758e-01
9.970800280570983887e-01
9.955999851226806641e-01
9.989200234413146973e-01
9.985600113868713379e-01
9.988399744033813477e-01
9.985799789428710938e-01
9.745399951934814453e-01
9.983199834823608398e-01
9.943400025367736816e-01
9.958000183105468750e-01
9.989600181579589844e-01
9.956799745559692383e-01
9.982799887657165527e-01
9.982799887657165527e-01
9.998199939727783203e-01
9.995800256729125977e-01
1.000000000000000000e+00
1.000000000000000000e+00
1.000000000000000000e+00
1.000000000000000000e+00
1.000000000000000000e+00
1.000000000000000000e+00
1.000000000000000000e+00
9.998999834060668945e-01
1.000000000000000000e+00
1.000000000000000000e+00
1.000000000000000000e+00
1.000000000000000000e+00
1.000000000000000000e+00
9.999799728393554688e-01
1.000000000000000000e+00
1.000000000000000000e+00
1.000000000000000000e+00
1.000000000000000000e+00
1.000000000000000000e+00
1.000000000000000000e+00
1.000000000000000000e+00
1.000000000000000000e+00
1.000000000000000000e+00
1.000000000000000000e+00
1.000000000000000000e+00
1.000000000000000000e+00
1.000000000000000000e+00
1.000000000000000000e+00
1.000000000000000000e+00
1.000000000000000000e+00
1.000000000000000000e+00
1.000000000000000000e+00
1.000000000000000000e+00
1.000000000000000000e+00
1.000000000000000000e+00
1.000000000000000000e+00
1.000000000000000000e+00
1.000000000000000000e+00
1.000000000000000000e+00
1.000000000000000000e+00
1.000000000000000000e+00
1.000000000000000000e+00
1.000000000000000000e+00
1.000000000000000000e+00
1.000000000000000000e+00
1.000000000000000000e+00
1.000000000000000000e+00
1.000000000000000000e+00
1.000000000000000000e+00
1.000000000000000000e+00
1.000000000000000000e+00
1.000000000000000000e+00
1.000000000000000000e+00
1.000000000000000000e+00
1.000000000000000000e+00
1.000000000000000000e+00
1.000000000000000000e+00
1.000000000000000000e+00
1.000000000000000000e+00
1.000000000000000000e+00
1.000000000000000000e+00
1.000000000000000000e+00
1.000000000000000000e+00
1.000000000000000000e+00
1.000000000000000000e+00
1.000000000000000000e+00
1.000000000000000000e+00
1.000000000000000000e+00
1.000000000000000000e+00
1.000000000000000000e+00
1.000000000000000000e+00
1.000000000000000000e+00
1.000000000000000000e+00
1.000000000000000000e+00
1.000000000000000000e+00
1.000000000000000000e+00
1.000000000000000000e+00
1.000000000000000000e+00
1.000000000000000000e+00
1.000000000000000000e+00
1.000000000000000000e+00
1.000000000000000000e+00
1.000000000000000000e+00
1.000000000000000000e+00
1.000000000000000000e+00
1.000000000000000000e+00
1.000000000000000000e+00
1.000000000000000000e+00
1.000000000000000000e+00
1.000000000000000000e+00
1.000000000000000000e+00
1.000000000000000000e+00
1.000000000000000000e+00
1.000000000000000000e+00
1.000000000000000000e+00
1.000000000000000000e+00
1.000000000000000000e+00
1.000000000000000000e+00
1.000000000000000000e+00
1.000000000000000000e+00
1.000000000000000000e+00
1.000000000000000000e+00
1.000000000000000000e+00
1.000000000000000000e+00
1.000000000000000000e+00
1.000000000000000000e+00
1.000000000000000000e+00
1.000000000000000000e+00
1.000000000000000000e+00
1.000000000000000000e+00
1.000000000000000000e+00
1.000000000000000000e+00
1.000000000000000000e+00
1.000000000000000000e+00
1.000000000000000000e+00
1.000000000000000000e+00
1.000000000000000000e+00
1.000000000000000000e+00
1.000000000000000000e+00
1.000000000000000000e+00
1.000000000000000000e+00
1.000000000000000000e+00
1.000000000000000000e+00
1.000000000000000000e+00
1.000000000000000000e+00
1.000000000000000000e+00
1.000000000000000000e+00
1.000000000000000000e+00
1.000000000000000000e+00
1.000000000000000000e+00
1.000000000000000000e+00
