2.947599887847900391e-01
5.171800255775451660e-01
7.542799711227416992e-01
7.748399972915649414e-01
7.642599940299987793e-01
7.802000045776367188e-01
9.029999971389770508e-01
9.188600182533264160e-01
7.313200235366821289e-01
9.018200039863586426e-01
8.331400156021118164e-01
9.322599768638610840e-01
9.380000233650207520e-01
9.522200226783752441e-01
9.611200094223022461e-01
9.625800251960754395e-01
9.537199735641479492e-01
9.652799963951110840e-01
9.846799969673156738e-01
9.867200255393981934e-01
9.478999972343444824e-01
9.706799983978271484e-01
9.892200231552124023e-01
9.904400110244750977e-01
9.906799793243408203e-01
9.906600117683410645e-01
9.847199916839599609e-01
9.862999916076660156e-01
9.827200174331665039e-01
9.816799759864807129e-01
9.876199960708618164e-01
9.779199957847595215e-01
9.443600177764892578e-01
9.958800077438354492e-01
9.933999776840209961e-01
9.929199814796447754e-01
9.907799959182739258e-01
9.927600026130676270e-01
9.886000156402587891e-01
9.810600280761718750e-01
9.968400001525878906e-01
9.808599948883056641e-01
9.937000274658203125e-01
9.754400253295898438e-01
9.960799813270568848e-01
9.982600212097167969e-01
9.912999868392944336e-01
9.940999746322631836e-01
9.938799738883972168e-01
9.738000035285949707e-01
9.991199970245361328e-01
9.956600069999694824e-01
9.956799745559692383e-01
9.908999800682067871e-01
9.967399835586547852e-01
9.972800016403198242e-01
9.987199902534484863e-01
9.927800297737121582e-01
9.993600249290466309e-01
9.998199939727783203e-01
9.971600174903869629e-01
9.952600002288818359e-01
9.980999827384948730e-01
9.963399767875671387e-01
9.925199747085571289e-01
9.931799769401550293e-01
9.995999932289123535e-01
9.983599781990051270e-01
9.983599781990051270e-01
9.973599910736083984e-01
9.980999827384948730e-01
9.950799942016601562e-01
9.965400099754333496e-01
9.949200153350830078e-01
9.942600131034851074e-01
9.995800256729125977e-01
9.991599917411804199e-01
9.965999722480773926e-01
9.994599819183349609e-01
9.964799880981445312e-01
9.999399781227111816e-01
1.000000000000000000e+00
9.988600015640258789e-01
9.998999834060668945e-01
9.998999834060668945e-01
9.994999766349792480e-01
9.966400265693664551e-01
9.999200105667114258e-01
9.998000264167785645e-01
9.998400211334228516e-01
9.990400075912475586e-01
9.996799826622009277e-01
1.000000000000000000e+00
9.991599917411804199e-01
9.980999827384948730e-01
9.996600151062011719e-01
9.993799924850463867e-01
9.890400171279907227e-01
9.981799721717834473e-01
9.955000281333923340e-01
9.998999834060668945e-01
9.998000264167785645e-01
9.999600052833557129e-01
1.000000000000000000e+00
9.996399879455566406e-01
9.998599886894226074e-01
9.948800206184387207e-01
9.998999834060668945e-01
9.994800090789794922e-01
9.967799782752990723e-01
9.996799826622009277e-01
9.997199773788452148e-01
9.984800219535827637e-01
9.990199804306030273e-01
9.729200005531311035e-01
9.992600083351135254e-01
9.998000264167785645e-01
9.999200105667114258e-01
9.996399879455566406e-01
9.999200105667114258e-01
9.995800256729125977e-01
9.991000294685363770e-01
9.999200105667114258e-01
1.000000000000000000e+00
1.000000000000000000e+00
1.000000000000000000e+00
1.000000000000000000e+00
1.000000000000000000e+00
1.000000000000000000e+00
1.000000000000000000e+00
1.000000000000000000e+00
9.999799728393554688e-01
1.000000000000000000e+00
1.000000000000000000e+00
1.000000000000000000e+00
1.000000000000000000e+00
1.000000000000000000e+00
1.000000000000000000e+00
1.000000000000000000e+00
1.000000000000000000e+00
1.000000000000000000e+00
1.000000000000000000e+00
1.000000000000000000e+00
1.000000000000000000e+00
1.000000000000000000e+00
1.000000000000000000e+00
1.000000000000000000e+00
1.000000000000000000e+00
1.000000000000000000e+00
1.000000000000000000e+00
1.000000000000000000e+00
1.000000000000000000e+00
1.000000000000000000e+00
1.000000000000000000e+00
1.000000000000000000e+00
1.000000000000000000e+00
1.000000000000000000e+00
1.000000000000000000e+00
1.000000000000000000e+00
1.000000000000000000e+00
1.000000000000000000e+00
1.000000000000000000e+00
1.000000000000000000e+00
1.000000000000000000e+00
1.000000000000000000e+00
1.000000000000000000e+00
1.000000000000000000e+00
1.000000000000000000e+00
1.000000000000000000e+00
1.000000000000000000e+00
1.000000000000000000e+00
1.000000000000000000e+00
1.000000000000000000e+00
1.000000000000000000e+00
1.000000000000000000e+00
1.000000000000000000e+00
1.000000000000000000e+00
1.000000000000000000e+00
1.000000000000000000e+00
1.000000000000000000e+00
1.000000000000000000e+00
1.000000000000000000e+00
1.000000000000000000e+00
1.000000000000000000e+00
1.000000000000000000e+00
1.000000000000000000e+00
1.000000000000000000e+00
1.000000000000000000e+00
1.000000000000000000e+00
1.000000000000000000e+00
1.000000000000000000e+00
1.000000000000000000e+00
1.000000000000000000e+00
1.000000000000000000e+00
1.000000000000000000e+00
1.000000000000000000e+00
1.000000000000000000e+00
1.000000000000000000e+00
1.000000000000000000e+00
1.000000000000000000e+00
