2.932200133800506592e-01
6.086800098419189453e-01
7.429000139236450195e-01
7.879199981689453125e-01
8.081600069999694824e-01
8.289200067520141602e-01
8.708800077438354492e-01
8.958600163459777832e-01
7.214400172233581543e-01
7.591999769210815430e-01
8.810600042343139648e-01
9.415599703788757324e-01
8.952199816703796387e-01
7.352799773216247559e-01
9.323800206184387207e-01
8.396000266075134277e-01
9.319800138473510742e-01
8.346400260925292969e-01
9.279999732971191406e-01
9.097200036048889160e-01
9.670799970626831055e-01
9.904999732971191406e-01
8.983200192451477051e-01
9.817799925804138184e-01
9.606400132179260254e-01
9.918599724769592285e-01
9.953399896621704102e-01
9.935399889945983887e-01
9.814000129699707031e-01
9.898999929428100586e-01
9.921200275421142578e-01
9.919000267982482910e-01
9.971600174903869629e-01
9.675199985504150391e-01
9.892799854278564453e-01
9.754400253295898438e-01
9.841600060462951660e-01
9.945600032806396484e-01
9.943000078201293945e-01
9.829400181770324707e-01
9.845600128173828125e-01
9.982600212097167969e-01
9.969599843025207520e-01
9.970600008964538574e-01
9.894400238990783691e-01
9.825800061225891113e-01
9.930400252342224121e-01
9.983599781990051270e-01
9.905800223350524902e-01
9.917799830436706543e-01
9.938799738883972168e-01
9.987400174140930176e-01
9.998000264167785645e-01
9.973599910736083984e-01
9.966400265693664551e-01
9.987999796867370605e-01
9.983000159263610840e-01
9.942799806594848633e-01
9.925400018692016602e-01
9.966199994087219238e-01
9.972400069236755371e-01
9.986199736595153809e-01
9.991800189018249512e-01
9.969199895858764648e-01
9.988399744033813477e-01
9.989799857139587402e-01
9.860200285911560059e-01
9.994400143623352051e-01
9.986600279808044434e-01
9.989399909973144531e-01
9.997599720954895020e-01
1.000000000000000000e+00
1.000000000000000000e+00
1.000000000000000000e+00
1.000000000000000000e+00
1.000000000000000000e+00
1.000000000000000000e+00
1.000000000000000000e+00
1.000000000000000000e+00
1.000000000000000000e+00
1.000000000000000000e+00
1.000000000000000000e+00
1.000000000000000000e+00
1.000000000000000000e+00
1.000000000000000000e+00
1.000000000000000000e+00
1.000000000000000000e+00
1.000000000000000000e+00
9.999200105667114258e-01
1.000000000000000000e+00
1.000000000000000000e+00
1.000000000000000000e+00
1.000000000000000000e+00
1.000000000000000000e+00
1.000000000000000000e+00
1.000000000000000000e+00
1.000000000000000000e+00
1.000000000000000000e+00
1.000000000000000000e+00
1.000000000000000000e+00
1.000000000000000000e+00
1.000000000000000000e+00
1.000000000000000000e+00
1.000000000000000000e+00
1.000000000000000000e+00
1.000000000000000000e+00
1.000000000000000000e+00
1.000000000000000000e+00
1.000000000000000000e+00
1.000000000000000000e+00
1.000000000000000000e+00
1.000000000000000000e+00
1.000000000000000000e+00
1.000000000000000000e+00
1.000000000000000000e+00
1.000000000000000000e+00
1.000000000000000000e+00
1.000000000000000000e+00
1.000000000000000000e+00
1.000000000000000000e+00
1.000000000000000000e+00
1.000000000000000000e+00
1.000000000000000000e+00
1.000000000000000000e+00
1.000000000000000000e+00
1.000000000000000000e+00
1.000000000000000000e+00
1.000000000000000000e+00
1.000000000000000000e+00
1.000000000000000000e+00
1.000000000000000000e+00
1.000000000000000000e+00
1.000000000000000000e+00
1.000000000000000000e+00
1.000000000000000000e+00
1.000000000000000000e+00
1.000000000000000000e+00
1.000000000000000000e+00
1.000000000000000000e+00
1.000000000000000000e+00
1.000000000000000000e+00
1.000000000000000000e+00
1.000000000000000000e+00
1.000000000000000000e+00
1.000000000000000000e+00
1.000000000000000000e+00
1.000000000000000000e+00
1.000000000000000000e+00
1.000000000000000000e+00
1.000000000000000000e+00
1.000000000000000000e+00
1.000000000000000000e+00
1.000000000000000000e+00
1.000000000000000000e+00
1.000000000000000000e+00
1.000000000000000000e+00
1.000000000000000000e+00
1.000000000000000000e+00
1.000000000000000000e+00
1.000000000000000000e+00
1.000000000000000000e+00
1.000000000000000000e+00
1.000000000000000000e+00
1.000000000000000000e+00
1.000000000000000000e+00
1.000000000000000000e+00
1.000000000000000000e+00
1.000000000000000000e+00
1.000000000000000000e+00
1.000000000000000000e+00
1.000000000000000000e+00
1.000000000000000000e+00
1.000000000000000000e+00
1.000000000000000000e+00
1.000000000000000000e+00
1.000000000000000000e+00
1.000000000000000000e+00
1.000000000000000000e+00
1.000000000000000000e+00
1.000000000000000000e+00
1.000000000000000000e+00
1.000000000000000000e+00
1.000000000000000000e+00
1.000000000000000000e+00
1.000000000000000000e+00
1.000000000000000000e+00
1.000000000000000000e+00
1.000000000000000000e+00
1.000000000000000000e+00
1.000000000000000000e+00
1.000000000000000000e+00
1.000000000000000000e+00
1.000000000000000000e+00
1.000000000000000000e+00
1.000000000000000000e+00
1.000000000000000000e+00
1.000000000000000000e+00
1.000000000000000000e+00
1.000000000000000000e+00
1.000000000000000000e+00
