0.9370833039283752
0.9625666737556458
0.9728333353996277
0.9773833155632019
0.978766679763794
0.980400025844574
0.9850500226020813
0.98580002784729
0.9885500073432922
0.9886500239372253
0.989216685295105
0.9914000034332275
0.9900500178337097
0.9922833442687988
0.9922000169754028
0.9929666519165039
0.9920333623886108
0.9940166473388672
0.9938333630561829
0.995283305644989
0.9945166707038879
0.9945499897003174
0.9956499934196472
0.9965500235557556
0.9965500235557556
0.9967333078384399
0.9968666434288025
0.9972166419029236
0.9976500272750854
0.9978500008583069
0.9975000023841858
0.9982666373252869
0.99836665391922
0.998199999332428
0.9984999895095825
0.9986000061035156
0.9986166954040527
0.9980499744415283
0.9989166855812073
0.9989666938781738
0.9991000294685364
0.9988999962806702
0.9991999864578247
0.9992166757583618
0.9993000030517578
0.9993666410446167
0.9995166659355164
0.9991666674613953
0.9994500279426575
0.9994833469390869
0.9995166659355164
0.9995499849319458
0.9995833039283752
0.9995666742324829
0.9994999766349792
0.9995999932289124
0.9995833039283752
0.999666690826416
0.9996500015258789
0.9996833205223083
0.9995666742324829
0.999750018119812
0.999666690826416
0.9997333288192749
0.9997833371162415
0.9998000264167786
0.9998166561126709
0.9998000264167786
0.999833345413208
0.999833345413208
0.9998000264167786
0.9998166561126709
0.999833345413208
0.9998666644096375
0.9998999834060669
0.9998833537101746
0.9998833537101746
0.9999333620071411
0.9998833537101746
0.999916672706604
0.9999333620071411
0.9999333620071411
0.9999666810035706
0.9999333620071411
0.9999666810035706
0.9999333620071411
0.9999666810035706
0.9999833106994629
0.9999499917030334
0.9999666810035706
0.9999499917030334
0.9999833106994629
0.9999666810035706
0.9999833106994629
0.9999666810035706
1
1
1
1
1
1
1
1
1
1
1
1
1
1
0.9999833106994629
1
1
1
1
1
1
1
1
1
1
1
1
1
1
1
1
1
1
1
1
1
1
1
1
1
1
1
1
1
1
1
1
1
1
1
1
1
1
1
1
1
1
1
1
1
1
1
1
1
1
1
1
1
1
1
1
1
1
1
1
1
1
1
1
1
1
1
1
1
1
1
1
1
1
1
1
1
1
1
1
1
1
1
1
1
1
1
1
1
1