0.9413833618164062
0.9629499912261963
0.973883330821991
0.9782500267028809
0.9819999933242798
0.9849333167076111
0.9858333468437195
0.9873833060264587
0.9883333444595337
0.9889666438102722
0.989133358001709
0.989883303642273
0.9914833307266235
0.9917333126068115
0.9927999973297119
0.9933666586875916
0.9937333464622498
0.9947333335876465
0.9947333335876465
0.9953333139419556
0.9952999949455261
0.9956166744232178
0.9956833124160767
0.9959166646003723
0.996483325958252
0.9966999888420105
0.9968666434288025
0.9970166683197021
0.9974499940872192
0.9975000023841858
0.9977499842643738
0.996749997138977
0.9980666637420654
0.9982166886329651
0.9980499744415283
0.9983500242233276
0.9981333613395691
0.9985833168029785
0.9987166523933411
0.9986833333969116
0.9988166689872742
0.9987833499908447
0.9991666674613953
0.9992499947547913
0.9991833567619324
0.9992666840553284
0.9991499781608582
0.9993333220481873
0.9993500113487244
0.9993666410446167
0.9993833303451538
0.9994999766349792
0.9994833469390869
0.9996500015258789
0.9996500015258789
0.9996333122253418
0.9995666742324829
0.9995333552360535
0.9996333122253418
0.9996333122253418
0.9997333288192749
0.999750018119812
0.9996166825294495
0.9997833371162415
0.9997333288192749
0.9998000264167786
0.999833345413208
0.9998499751091003
0.9998666644096375
0.9998166561126709
0.9998833537101746
0.9998999834060669
0.9998833537101746
0.999916672706604
0.999916672706604
0.9999499917030334
0.9999499917030334
0.999916672706604
0.9999333620071411
0.9999666810035706
0.9999666810035706
0.9999666810035706
0.9999666810035706
0.9999833106994629
0.9999833106994629
0.9999666810035706
0.9999833106994629
0.9999666810035706
0.9999666810035706
0.9999833106994629
0.9999833106994629
0.9999833106994629
0.9999833106994629
1
0.9999833106994629
1
1
0.9999833106994629
0.9999833106994629
1
1
1
1
1
1
1
1
1
1
1
1
1
1
1
1
1
1
1
1
1
1
1
1
1
1
1
1
1
1
1
1
1
1
1
1
1
1
1
1
1
1
1
1
1
1
1
1
1
1
1
1
1
1
1
1
1
1
1
1
1
1
1
1
1
1
1
1
1
1
1
1
1
1
1
1
1
1
1
1
1
1
1
1
1
1
1
1
1
1
1
1
1
1
1
1
1
1
1
1
1