0.934583306312561
0.962149977684021
0.9708333611488342
0.9776999950408936
0.9807166457176208
0.9822666645050049
0.9848999977111816
0.9863333106040955
0.9879166483879089
0.9893166422843933
0.9887166619300842
0.9908499717712402
0.9905999898910522
0.9913166761398315
0.9918666481971741
0.9923499822616577
0.9908000230789185
0.9932500123977661
0.9942166805267334
0.9942833185195923
0.9950666427612305
0.9954833388328552
0.9962666630744934
0.9957666397094727
0.9964666962623596
0.9966833591461182
0.9966333508491516
0.9969833493232727
0.9970499873161316
0.9973666667938232
0.9977666735649109
0.9976833462715149
0.9980666637420654
0.997783362865448
0.9981499910354614
0.9986333250999451
0.9985499978065491
0.9986166954040527
0.9987000226974487
0.9989333152770996
0.9989833235740662
0.9989666938781738
0.9989166855812073
0.9987666606903076
0.9992333054542542
0.9992666840553284
0.9992833137512207
0.9993333220481873
0.9994999766349792
0.9994000196456909
0.9995166659355164
0.9995499849319458
0.9996833205223083
0.9996166825294495
0.9996333122253418
0.999666690826416
0.9997000098228455
0.999750018119812
0.9997000098228455
0.9997000098228455
0.9997333288192749
0.9997333288192749
0.9997833371162415
0.9997666478157043
0.999750018119812
0.999833345413208
0.9998166561126709
0.9998166561126709
0.9998499751091003
0.9998833537101746
0.9998166561126709
0.9998833537101746
0.999833345413208
0.9998833537101746
0.9998999834060669
0.9998666644096375
0.999916672706604
0.999916672706604
0.999916672706604
0.9999499917030334
0.9999333620071411
0.9998999834060669
0.9999499917030334
0.9999499917030334
0.9999333620071411
0.9999333620071411
0.9999499917030334
0.9999333620071411
0.9999499917030334
0.9999833106994629
0.9999499917030334
0.9999333620071411
0.9999666810035706
0.9999833106994629
0.9999833106994629
1
1
0.9999833106994629
1
1
0.9999833106994629
1
1
1
1
1
1
1
1
1
1
1
1
1
1
1
1
1
1
1
1
1
1
1
1
1
1
1
1
1
1
1
1
1
1
1
1
1
1
1
1
1
1
1
1
1
1
1
1
1
1
1
1
1
1
1
1
1
1
1
1
1
1
1
1
1
1
1
1
1
1
1
1
1
1
1
1
1
1
1
1
1
1
1
1
1
1
1
1
1
1
1
1
1
1
1
1
1
1
1