0.9282833337783813
0.9582333564758301
0.9712333083152771
0.9779999852180481
0.9810500144958496
0.984000027179718
0.9858499765396118
0.9865333437919617
0.9887666702270508
0.9894000291824341
0.990066647529602
0.9909666776657104
0.9912833571434021
0.9913333058357239
0.9923499822616577
0.9926999807357788
0.9934166669845581
0.9935666918754578
0.9941333532333374
0.994700014591217
0.9948333501815796
0.9947500228881836
0.9957000017166138
0.9957833290100098
0.9962999820709229
0.99631667137146
0.996233344078064
0.996916651725769
0.9969000220298767
0.9969333410263062
0.9975333213806152
0.9973833560943604
0.9975333213806152
0.9974333047866821
0.9981499910354614
0.9975500106811523
0.9983333349227905
0.99836665391922
0.9987666606903076
0.9987000226974487
0.9988333582878113
0.9981333613395691
0.9989833235740662
0.9987833499908447
0.9990500211715698
0.9989500045776367
0.9991833567619324
0.9992166757583618
0.9992499947547913
0.9991666674613953
0.9993500113487244
0.9995333552360535
0.9993833303451538
0.9995333552360535
0.9995666742324829
0.9995166659355164
0.9996500015258789
0.9994833469390869
0.9996833205223083
0.9997333288192749
0.9997000098228455
0.9997000098228455
0.9997333288192749
0.9997333288192749
0.9997166395187378
0.9997666478157043
0.9997666478157043
0.9998166561126709
0.999833345413208
0.9997666478157043
0.999833345413208
0.9998999834060669
0.9998833537101746
0.9998666644096375
0.9999499917030334
0.9999333620071411
0.999916672706604
0.9999333620071411
0.999916672706604
0.9999666810035706
0.9999666810035706
0.9999666810035706
0.999916672706604
0.9999333620071411
0.9999499917030334
0.9999833106994629
0.9999499917030334
0.9999666810035706
0.9999833106994629
0.9999666810035706
0.9999666810035706
0.9999833106994629
0.9999833106994629
0.9999666810035706
0.9999666810035706
0.9999833106994629
0.9999833106994629
0.9999666810035706
0.9999833106994629
1
0.9999833106994629
1
1
1
1
1
1
1
1
1
1
1
1
1
1
1
1
1
1
1
1
1
1
1
1
1
1
1
1
1
1
1
1
1
1
1
1
1
1
1
1
1
1
1
1
1
1
1
1
1
1
1
1
1
1
1
1
1
1
1
1
1
1
1
1
1
1
1
1
1
1
1
1
1
1
1
1
1
1
1
1
1
1
1
1
1
1
1
1
1
1
1
1
1
1
1
1
1
1
1