0.9398333430290222
0.9662833213806152
0.973883330821991
0.9785833358764648
0.9817333221435547
0.9841333627700806
0.9853000044822693
0.985966682434082
0.9878000020980835
0.9887666702270508
0.9900500178337097
0.9911999702453613
0.9914666414260864
0.9919499754905701
0.9925000071525574
0.9931166768074036
0.9936833381652832
0.9940000176429749
0.9929500222206116
0.9944499731063843
0.9950166940689087
0.9946500062942505
0.9956666827201843
0.9959499835968018
0.9962499737739563
0.9961833357810974
0.9963833093643188
0.9966999888420105
0.997083306312561
0.9969000220298767
0.996999979019165
0.9972333312034607
0.9973333477973938
0.9980000257492065
0.9981833100318909
0.998116672039032
0.9985166788101196
0.9987166523933411
0.9986833333969116
0.9989166855812073
0.9984666705131531
0.9990666508674622
0.9991833567619324
0.9990166425704956
0.9991999864578247
0.9992833137512207
0.9991999864578247
0.9993166923522949
0.9993500113487244
0.9993833303451538
0.9995499849319458
0.9994000196456909
0.9994666576385498
0.9995666742324829
0.9995666742324829
0.9995833039283752
0.999666690826416
0.9996833205223083
0.9996833205223083
0.9996333122253418
0.9996833205223083
0.9996833205223083
0.9997166395187378
0.9997666478157043
0.9998000264167786
0.9997833371162415
0.999833345413208
0.9998499751091003
0.9998666644096375
0.9998166561126709
0.999833345413208
0.9998666644096375
0.9998166561126709
0.9998999834060669
0.9999333620071411
0.999916672706604
0.9998666644096375
0.9998833537101746
0.999916672706604
0.9998999834060669
0.9999333620071411
0.9999666810035706
0.9999499917030334
0.9999666810035706
0.9999499917030334
0.9999666810035706
0.9999666810035706
0.9999833106994629
0.9999833106994629
0.9999666810035706
0.9999666810035706
0.9999666810035706
0.9999666810035706
0.9999666810035706
0.9999833106994629
0.9999833106994629
0.9999833106994629
0.9999833106994629
0.9999833106994629
0.9999833106994629
0.9999833106994629
0.9999833106994629
0.9999833106994629
0.9999833106994629
0.9999666810035706
0.9999833106994629
0.9999833106994629
0.9999833106994629
0.9999833106994629
0.9999833106994629
1
0.9999833106994629
1
0.9999833106994629
1
1
1
1
1
1
1
1
1
1
1
1
1
1
1
1
1
1
1
1
1
1
1
1
1
1
1
1
1
1
1
1
1
1
1
1
1
1
1
1
1
1
1
1
1
1
1
1
1
1
1
1
1
1
1
1
1
1
1
1
1
1
1
1
1
1
1
1
1
1
1
1
1
1
1
1
1
1
1
1
1
1
1
1
1
1