5.762399999999999745e-01
7.469200000000000284e-01
7.626800000000000246e-01
8.145999999999999908e-01
7.962599999999999678e-01
8.845600000000000129e-01
8.565599999999999881e-01
8.720799999999999663e-01
9.402199999999999447e-01
9.439999999999999503e-01
9.467600000000000460e-01
9.530600000000000183e-01
9.477200000000000069e-01
9.695200000000000484e-01
9.795800000000000063e-01
9.686399999999999455e-01
9.714599999999999902e-01
9.884600000000000053e-01
9.804199999999999582e-01
9.806799999999999962e-01
9.743000000000000549e-01
9.806599999999999762e-01
9.943600000000000216e-01
9.953999999999999515e-01
9.849400000000000377e-01
9.867200000000000415e-01
9.951200000000000045e-01
9.933400000000000007e-01
9.939999999999999947e-01
9.970200000000000173e-01
9.931999999999999718e-01
9.978799999999999892e-01
9.955399999999999805e-01
9.838000000000000078e-01
9.977800000000000002e-01
9.967200000000000504e-01
9.988200000000000411e-01
9.959799999999999764e-01
9.956800000000000095e-01
9.771800000000000486e-01
9.968599999999999683e-01
9.994800000000000351e-01
9.978200000000000403e-01
9.974399999999999933e-01
9.866000000000000325e-01
9.997000000000000330e-01
9.997399999999999620e-01
9.999200000000000310e-01
9.999599999999999600e-01
9.999799999999999800e-01
9.999799999999999800e-01
9.999799999999999800e-01
9.999799999999999800e-01
9.999799999999999800e-01
9.999799999999999800e-01
9.999799999999999800e-01
9.999799999999999800e-01
9.999799999999999800e-01
9.999799999999999800e-01
9.999799999999999800e-01
9.999799999999999800e-01
9.999799999999999800e-01
1.000000000000000000e+00
9.999799999999999800e-01
1.000000000000000000e+00
1.000000000000000000e+00
1.000000000000000000e+00
1.000000000000000000e+00
1.000000000000000000e+00
1.000000000000000000e+00
1.000000000000000000e+00
1.000000000000000000e+00
1.000000000000000000e+00
1.000000000000000000e+00
1.000000000000000000e+00
1.000000000000000000e+00
1.000000000000000000e+00
1.000000000000000000e+00
1.000000000000000000e+00
1.000000000000000000e+00
1.000000000000000000e+00
1.000000000000000000e+00
1.000000000000000000e+00
1.000000000000000000e+00
1.000000000000000000e+00
1.000000000000000000e+00
1.000000000000000000e+00
1.000000000000000000e+00
1.000000000000000000e+00
1.000000000000000000e+00
1.000000000000000000e+00
1.000000000000000000e+00
1.000000000000000000e+00
1.000000000000000000e+00
1.000000000000000000e+00
1.000000000000000000e+00
1.000000000000000000e+00
1.000000000000000000e+00
1.000000000000000000e+00
1.000000000000000000e+00
1.000000000000000000e+00
1.000000000000000000e+00
1.000000000000000000e+00
1.000000000000000000e+00
1.000000000000000000e+00
1.000000000000000000e+00
1.000000000000000000e+00
1.000000000000000000e+00
1.000000000000000000e+00
1.000000000000000000e+00
1.000000000000000000e+00
1.000000000000000000e+00
1.000000000000000000e+00
1.000000000000000000e+00
1.000000000000000000e+00
1.000000000000000000e+00
1.000000000000000000e+00
1.000000000000000000e+00
1.000000000000000000e+00
1.000000000000000000e+00
1.000000000000000000e+00
1.000000000000000000e+00
1.000000000000000000e+00
1.000000000000000000e+00
1.000000000000000000e+00
1.000000000000000000e+00
1.000000000000000000e+00
1.000000000000000000e+00
1.000000000000000000e+00
1.000000000000000000e+00
1.000000000000000000e+00
1.000000000000000000e+00
1.000000000000000000e+00
1.000000000000000000e+00
1.000000000000000000e+00
1.000000000000000000e+00
1.000000000000000000e+00
1.000000000000000000e+00
1.000000000000000000e+00
1.000000000000000000e+00
1.000000000000000000e+00
1.000000000000000000e+00
1.000000000000000000e+00
1.000000000000000000e+00
1.000000000000000000e+00
1.000000000000000000e+00
1.000000000000000000e+00
1.000000000000000000e+00
1.000000000000000000e+00
1.000000000000000000e+00
1.000000000000000000e+00
1.000000000000000000e+00
1.000000000000000000e+00
1.000000000000000000e+00
1.000000000000000000e+00
1.000000000000000000e+00
1.000000000000000000e+00
1.000000000000000000e+00
1.000000000000000000e+00
1.000000000000000000e+00
1.000000000000000000e+00
1.000000000000000000e+00
1.000000000000000000e+00
1.000000000000000000e+00
1.000000000000000000e+00
1.000000000000000000e+00
1.000000000000000000e+00
1.000000000000000000e+00
1.000000000000000000e+00
1.000000000000000000e+00
1.000000000000000000e+00
1.000000000000000000e+00
1.000000000000000000e+00
1.000000000000000000e+00
1.000000000000000000e+00
1.000000000000000000e+00
1.000000000000000000e+00
1.000000000000000000e+00
1.000000000000000000e+00
1.000000000000000000e+00
1.000000000000000000e+00
1.000000000000000000e+00
1.000000000000000000e+00
1.000000000000000000e+00
1.000000000000000000e+00
1.000000000000000000e+00
1.000000000000000000e+00
1.000000000000000000e+00
1.000000000000000000e+00
1.000000000000000000e+00
1.000000000000000000e+00
1.000000000000000000e+00
1.000000000000000000e+00
1.000000000000000000e+00
1.000000000000000000e+00
1.000000000000000000e+00
1.000000000000000000e+00
1.000000000000000000e+00
1.000000000000000000e+00
1.000000000000000000e+00
