0.715399980545044
0.841759979724884
0.8962799906730652
0.9188799858093262
0.9352800250053406
0.9439200162887573
0.9520800113677979
0.9596400260925293
0.9621599912643433
0.9692400097846985
0.9735599756240845
0.9767199754714966
0.9768400192260742
0.96315997838974
0.9810400009155273
0.9848399758338928
0.9625200033187866
0.9885600209236145
0.9840800166130066
0.9887999892234802
0.9858400225639343
0.9906399846076965
0.9918000102043152
0.9927999973297119
0.9825999736785889
0.9900799989700317
0.9767600297927856
0.9927999973297119
0.9929599761962891
0.9941200017929077