0.6775599718093872
0.8627600073814392
0.9058399796485901
0.9259600043296814
0.9413999915122986
0.9515200257301331
0.9532399773597717
0.9642400145530701
0.9693999886512756
0.9742400050163269
0.9742000102996826
0.9793599843978882
0.979960024356842
0.9859600067138672
0.974839985370636
0.9570800065994263
0.980400025844574
0.9904800057411194
0.9912400245666504
0.9859600067138672
0.9633200168609619
0.991159975528717
0.9944000244140625
0.9937999844551086
0.9943600296974182
0.9904800057411194
0.9909999966621399
0.9948400259017944
0.9579600095748901
0.9960799813270569