0.6842399835586548
0.8362799882888794
0.8967999815940857
0.919920027256012
0.939079999923706
0.9455999732017517
0.9486799836158752
0.9610400199890137
0.9634799957275391
0.9693599939346313
0.968999981880188
0.9779999852180481
0.9813200235366821
0.9829199910163879
0.9831200242042542
0.9832800030708313
0.9751600027084351
0.9835600256919861
0.9798399806022644
0.9821199774742126
0.9888399839401245
0.9916800260543823
0.9868800044059753
0.9897599816322327
0.9416000247001648
0.9928799867630005
0.9941999912261963
0.9955599904060364
0.9954400062561035
0.9963200092315674