0.7246800065040588
0.7810800075531006
0.8928800225257874
0.9197199940681458
0.9311599731445312
0.943880021572113
0.9513599872589111
0.9589200019836426
0.9634799957275391
0.9680399894714355
0.9701600074768066
0.9747599959373474
0.9716399908065796
0.9815999865531921
0.9826800227165222
0.9816399812698364
0.986240029335022
0.9867600202560425
0.9868000149726868
0.9860399961471558
0.9827600121498108
0.9921200275421143
0.9929599761962891
0.993399977684021
0.9931600093841553
0.9936000108718872
0.9929599761962891
0.9882799983024597
0.994920015335083
0.9947999715805054