0.7130799889564514
0.8721200227737427
0.9094799757003784
0.9291599988937378
0.9394400119781494
0.9454399943351746
0.9567599892616272
0.965719997882843
0.9682000279426575
0.9701600074768066
0.9624000191688538
0.9761599898338318
0.9773600101470947
0.9826800227165222
0.98580002784729
0.9828000068664551
0.9867200255393982
0.9886800050735474
0.9903600215911865
0.992680013179779
0.9914000034332275
0.9445199966430664
0.9925600290298462
0.9938399791717529
0.9946399927139282
0.9930400252342224
0.9932799935340881
0.9945999979972839
0.9950799942016602
0.9887199997901917