0.76092000000000004
0.83831999999999995
0.87307999999999997
0.88727999999999996
0.89048000000000005
0.91891999999999996
0.90344000000000002
0.92096
0.93215999999999999
0.89195999999999998
0.91535999999999995
0.94067999999999996
0.91320000000000001
0.96164000000000005
0.92896000000000001
0.96040000000000003
0.9768
0.98243999999999998
0.97960000000000003
0.95992
0.98931999999999998
0.99087999999999998
0.99807999999999997
0.98904000000000003
0.98975999999999997
0.97316000000000003
0.98063999999999996
0.98448000000000002
0.99119999999999997
0.98587999999999998
