0.75695999999999997
0.82672000000000001
0.85972000000000004
0.88859999999999995
0.89048000000000005
0.90700000000000003
0.91547999999999996
0.92215999999999998
0.93420000000000003
0.94032000000000004
0.95335999999999999
0.95691999999999999
0.94740000000000002
0.95687999999999995
0.92879999999999996
0.93703999999999998
0.97799999999999998
0.98584000000000005
0.97152000000000005
0.94499999999999995
0.98475999999999997
0.98975999999999997
0.98799999999999999
0.98651999999999995
0.98943999999999999
0.999
0.99963999999999997
0.999
0.99475999999999998
0.99856
