0.74663999999999997
0.80996000000000001
0.85940000000000005
0.89004000000000005
0.90720000000000001
0.91315999999999997
0.91368000000000005
0.93191999999999997
0.93672
0.95032000000000005
0.96016000000000001
0.96863999999999995
0.96943999999999997
0.94316
0.95864000000000005
0.98304000000000002
0.96555999999999997
0.97019999999999995
0.98548000000000002
0.96948000000000001
0.97292000000000001
0.99483999999999995
0.99751999999999996
0.99839999999999995
0.99792000000000003
0.99543999999999999
0.99680000000000002
0.98868
0.99036000000000002
0.97784000000000004
