0.78191999999999995
0.83960000000000001
0.87043999999999999
0.87480000000000002
0.89851999999999999
0.90324000000000004
0.91752
0.90591999999999995
0.89792000000000005
0.93359999999999999
0.94499999999999995
0.95664000000000005
0.95572000000000001
0.96716000000000002
0.97304000000000002
0.97563999999999995
0.95404
0.96231999999999995
0.97919999999999996
0.98160000000000003
0.98712
0.96472000000000002
0.99392000000000003
0.97416000000000003
0.97624
0.96504000000000001
0.9718
0.98219999999999996
0.97111999999999998
0.98772000000000004
