0.75992000000000004
0.83735999999999999
0.85272000000000003
0.87692000000000003
0.89983999999999997
0.9042
0.92027999999999999
0.92844000000000004
0.90532000000000001
0.93044000000000004
0.94532000000000005
0.95504
0.96279999999999999
0.94711999999999996
0.95420000000000005
0.96040000000000003
0.96787999999999996
0.97304000000000002
0.97704000000000002
0.98763999999999996
0.98992000000000002
0.99324000000000001
0.99712000000000001
0.99827999999999995
0.99612000000000001
0.99372000000000005
0.97163999999999995
0.96740000000000004
0.99783999999999995
0.99724000000000002
