6.772800087928771973e-01
7.982800006866455078e-01
9.160799980163574219e-01
9.472799897193908691e-01
9.543200135231018066e-01
9.702399969100952148e-01
9.750800132751464844e-01
9.557600021362304688e-01
9.833599925041198730e-01
9.841200113296508789e-01
9.910799860954284668e-01
9.905999898910522461e-01
9.933999776840209961e-01
9.962800145149230957e-01
9.974799752235412598e-01
9.925600290298461914e-01
9.570400118827819824e-01
9.934399724006652832e-01
9.951599836349487305e-01
9.981200098991394043e-01
9.972800016403198242e-01
9.993600249290466309e-01
9.992799758911132812e-01
9.850800037384033203e-01
9.990400075912475586e-01
9.990800023078918457e-01
9.990000128746032715e-01
9.986799955368041992e-01
9.991199970245361328e-01
9.998400211334228516e-01
