6.836000084877014160e-01
8.760399818420410156e-01
9.326000213623046875e-01
9.542800188064575195e-01
9.616000056266784668e-01
9.697600007057189941e-01
9.762399792671203613e-01
9.714400172233581543e-01
9.816399812698364258e-01
9.724400043487548828e-01
9.795600175857543945e-01
9.913600087165832520e-01
9.850400090217590332e-01
9.940400123596191406e-01
9.917200207710266113e-01
9.960399866104125977e-01
9.876800179481506348e-01
9.912800192832946777e-01
9.969999790191650391e-01
9.971200227737426758e-01
9.940400123596191406e-01
9.982399940490722656e-01
9.981600046157836914e-01
9.979599714279174805e-01
9.986400008201599121e-01
9.973999857902526855e-01
9.987199902534484863e-01
9.858000278472900391e-01
9.578800201416015625e-01
9.983199834823608398e-01
