8.218799829483032227e-01
9.148399829864501953e-01
9.436399936676025391e-01
9.618399739265441895e-01
9.688799977302551270e-01
9.727600216865539551e-01
9.750000238418579102e-01
9.817600250244140625e-01
9.869199991226196289e-01
9.923599958419799805e-01
9.932000041007995605e-01
9.842799901962280273e-01
9.959599971771240234e-01
9.959599971771240234e-01
9.985600113868713379e-01
9.941200017929077148e-01
9.765999913215637207e-01
9.975600242614746094e-01
9.971600174903869629e-01
9.983999729156494141e-01
9.962800145149230957e-01
9.993600249290466309e-01
9.993199706077575684e-01
9.998800158500671387e-01
9.999600052833557129e-01
9.983599781990051270e-01
9.776800274848937988e-01
9.988399744033813477e-01
9.995200037956237793e-01
9.924799799919128418e-01
