7.475200295448303223e-01
9.047999978065490723e-01
9.403200149536132812e-01
9.517999887466430664e-01
9.404799938201904297e-01
9.483600258827209473e-01
9.785599708557128906e-01
9.851999878883361816e-01
9.864000082015991211e-01
9.860000014305114746e-01
9.869599938392639160e-01
9.830800294876098633e-01
9.960799813270568848e-01
9.887599945068359375e-01
9.950799942016601562e-01
9.953200221061706543e-01
9.817600250244140625e-01
9.915599822998046875e-01
9.994000196456909180e-01
9.993600249290466309e-01
9.986799955368041992e-01
9.994000196456909180e-01
9.990800023078918457e-01
9.998000264167785645e-01
9.999200105667114258e-01
9.999200105667114258e-01
9.999200105667114258e-01
9.998400211334228516e-01
9.946399927139282227e-01
9.991999864578247070e-01
