7.074000239372253418e-01
8.370800018310546875e-01
9.206799864768981934e-01
9.424800276756286621e-01
9.513199925422668457e-01
9.690399765968322754e-01
9.755200147628784180e-01
9.600800275802612305e-01
9.769200086593627930e-01
9.821599721908569336e-01
9.789199829101562500e-01
9.567199945449829102e-01
9.914799928665161133e-01
9.896000027656555176e-01
9.945999979972839355e-01
9.891600012779235840e-01
9.972800016403198242e-01
9.951199889183044434e-01
9.945999979972839355e-01
9.954800009727478027e-01
9.978399872779846191e-01
9.940000176429748535e-01
9.987999796867370605e-01
9.994800090789794922e-01
9.964799880981445312e-01
9.991199970245361328e-01
9.990400075912475586e-01
9.991999864578247070e-01
9.997599720954895020e-01
9.998000264167785645e-01
