0.80131666666666668
0.9143
0.93626666666666669
0.9496
0.95774999999999999
0.96335000000000004
0.96783333333333332
0.97063333333333335
0.97438333333333338
0.97619999999999996
0.97781666666666667
0.97883333333333333
0.98016666666666663
0.98114999999999997
0.98228333333333329
0.98293333333333333
0.98385
0.98466666666666669
0.98541666666666672
0.98598333333333332
0.9866166666666667
0.98663333333333336
0.98760000000000003
0.98806666666666665
0.98839999999999995
0.98886666666666667
0.98909999999999998
0.98946666666666672
0.9899
0.99029999999999996
0.99041666666666661
0.99056666666666671
0.99078333333333335
0.99113333333333331
0.9906666666666667
0.99168333333333336
0.99158333333333337
0.99201666666666666
0.99241666666666661
0.99243333333333328
0.99238333333333328
0.99281666666666668
0.99298333333333333
0.99314999999999998
0.99324999999999997
0.99316666666666664
0.99339999999999995
0.99346666666666672
0.99356666666666671
0.99376666666666669
0.99385000000000001
0.99385000000000001
0.99404999999999999
0.99416666666666664
0.99418333333333331
0.99431666666666663
0.99436666666666662
0.99450000000000005
0.99448333333333339
0.99460000000000004
0.99453333333333338
0.99465000000000003
0.99471666666666669
0.99475000000000002
0.99481666666666668
0.99488333333333334
0.99480000000000002
0.99491666666666667
0.99496666666666667
0.995
0.99506666666666665
0.99508333333333332
0.99514999999999998
0.99516666666666664
0.99521666666666664
0.99529999999999996
0.99529999999999996
0.99536666666666662
0.99533333333333329
0.99544999999999995
0.99543333333333328
0.99551666666666672
0.99553333333333338
0.99561666666666671
0.99560000000000004
0.99563333333333337
0.99571666666666669
0.99571666666666669
0.99576666666666669
0.99575000000000002
0.99580000000000002
0.99585000000000001
0.99588333333333334
0.99585000000000001
0.99591666666666667
0.99595
0.996
0.99598333333333333
0.99598333333333333
0.996
0.99601666666666666
0.99606666666666666
0.99603333333333333
0.99609999999999999
0.99613333333333332
0.99613333333333332
0.99616666666666664
0.99618333333333331
0.99619999999999997
0.99618333333333331
0.99621666666666664
0.99624999999999997
0.99626666666666663
0.9962833333333333
0.9962833333333333
0.99629999999999996
0.99634999999999996
0.99634999999999996
0.99643333333333328
0.99643333333333328
0.99641666666666662
0.99643333333333328
0.99646666666666661
0.99650000000000005
0.99650000000000005
0.99650000000000005
0.99650000000000005
0.99650000000000005
0.99651666666666672
0.99655000000000005
0.99655000000000005
0.99655000000000005
0.99658333333333338
0.99658333333333338
0.99658333333333338
0.99660000000000004
0.99660000000000004
0.99660000000000004
0.99661666666666671
0.99661666666666671
0.99661666666666671
0.99661666666666671
0.99663333333333337
0.99665000000000004
0.99665000000000004
0.99665000000000004
0.9966666666666667
0.9966666666666667
0.99668333333333337
0.99668333333333337
0.99668333333333337
0.99668333333333337
0.99668333333333337
0.99673333333333336
0.99673333333333336
0.99675000000000002
0.99675000000000002
0.99678333333333335
0.99681666666666668
0.99681666666666668
0.99681666666666668
0.99681666666666668
0.99683333333333335
0.99683333333333335
0.99685000000000001
0.99685000000000001
0.99685000000000001
0.99685000000000001
0.99685000000000001
0.99686666666666668
0.99688333333333334
0.99688333333333334
0.99686666666666668
0.99688333333333334
0.99688333333333334
0.99688333333333334
0.99688333333333334
0.99691666666666667
0.99691666666666667
0.99691666666666667
0.99691666666666667
0.99691666666666667
0.99693333333333334
0.99695
0.99695
0.99695
0.99695
0.99698333333333333
0.99695
0.99698333333333333
0.99696666666666667
0.99703333333333333
0.99703333333333333
0.99703333333333333
0.99704999999999999
0.99704999999999999
0.99706666666666666
0.99706666666666666
0.99706666666666666
0.99708333333333332
