0.79959999999999998
0.91249999999999998
0.93486666666666662
0.94766666666666666
0.95569999999999999
0.96113333333333328
0.96513333333333329
0.96848333333333336
0.97066666666666668
0.97266666666666668
0.97466666666666668
0.97636666666666672
0.97811666666666663
0.97899999999999998
0.98031666666666661
0.98098333333333332
0.98188333333333333
0.98245000000000005
0.98341666666666672
0.9841333333333333
0.98480000000000001
0.98540000000000005
0.98601666666666665
0.98663333333333336
0.98686666666666667
0.98740000000000006
0.9876166666666667
0.98770000000000002
0.98858333333333337
0.98858333333333337
0.98899999999999999
0.9892333333333333
0.98983333333333334
0.98970000000000002
0.9902333333333333
0.99039999999999995
0.99071666666666669
0.99083333333333334
0.99113333333333331
0.99138333333333328
0.99153333333333338
0.99085000000000001
0.99170000000000003
0.99203333333333332
0.9922833333333333
0.9926666666666667
0.99268333333333336
0.99298333333333333
0.99295
0.99313333333333331
0.99329999999999996
0.99339999999999995
0.99351666666666671
0.9936166666666667
0.99353333333333338
0.99380000000000002
0.99375000000000002
0.99411666666666665
0.99395
0.99409999999999998
0.99424999999999997
0.99434999999999996
0.99439999999999995
0.99455000000000005
0.99458333333333337
0.9946666666666667
0.99471666666666669
0.99481666666666668
0.99444999999999995
0.99490000000000001
0.99495
0.99501666666666666
0.99504999999999999
0.99513333333333331
0.99509999999999998
0.9952333333333333
0.9952833333333333
0.99531666666666663
0.99533333333333329
0.99536666666666662
0.99539999999999995
0.99541666666666662
0.99543333333333328
0.99543333333333328
0.99556666666666671
0.99551666666666672
0.99550000000000005
0.99560000000000004
0.9956666666666667
0.99570000000000003
0.99576666666666669
0.99578333333333335
0.99580000000000002
0.99581666666666668
0.99586666666666668
0.99586666666666668
0.99591666666666667
0.99591666666666667
0.99593333333333334
0.99596666666666667
0.99603333333333333
0.99604999999999999
0.99604999999999999
0.99606666666666666
0.99614999999999998
0.99619999999999997
0.99619999999999997
0.99621666666666664
0.99621666666666664
0.9962333333333333
0.9962333333333333
0.99626666666666663
0.99624999999999997
0.9962833333333333
0.99629999999999996
0.99631666666666663
0.99629999999999996
0.99634999999999996
0.99636666666666662
0.99639999999999995
0.99641666666666662
0.99641666666666662
0.99643333333333328
0.99644999999999995
0.99644999999999995
0.99651666666666672
0.99651666666666672
0.99651666666666672
0.99655000000000005
0.99661666666666671
0.99661666666666671
0.99661666666666671
0.99661666666666671
0.99663333333333337
0.99665000000000004
0.9967166666666667
0.99670000000000003
0.99673333333333336
0.99673333333333336
0.99673333333333336
0.99678333333333335
0.99676666666666669
0.99680000000000002
0.99683333333333335
0.99686666666666668
0.99690000000000001
0.99691666666666667
0.99691666666666667
0.99696666666666667
0.997
0.99695
0.997
0.99701666666666666
0.99701666666666666
0.99701666666666666
0.997
0.99704999999999999
0.99706666666666666
0.99709999999999999
0.99709999999999999
0.99711666666666665
0.99709999999999999
0.99711666666666665
0.99711666666666665
0.99711666666666665
0.99716666666666665
0.99714999999999998
0.99716666666666665
0.99718333333333331
0.99718333333333331
0.99719999999999998
0.99716666666666665
0.99718333333333331
0.99721666666666664
0.99719999999999998
0.9972333333333333
0.99724999999999997
0.99724999999999997
0.99724999999999997
0.99724999999999997
0.99726666666666663
0.9972833333333333
0.99731666666666663
0.99729999999999996
0.99731666666666663
0.99731666666666663
0.99731666666666663
0.99731666666666663
0.99731666666666663
0.99731666666666663
0.99731666666666663
0.99731666666666663
0.99731666666666663
0.99731666666666663
0.99733333333333329
0.99733333333333329
0.99733333333333329
0.99733333333333329
0.99734999999999996
0.99734999999999996
