0.76416666666666666
0.90228333333333333
0.93123333333333336
0.94550000000000001
0.95533333333333337
0.96148333333333336
0.96579999999999999
0.96973333333333334
0.97281666666666666
0.9738
0.97591666666666665
0.97741666666666671
0.97918333333333329
0.98033333333333328
0.98128333333333329
0.98173333333333335
0.98293333333333333
0.98383333333333334
0.9845666666666667
0.98521666666666663
0.98563333333333336
0.98619999999999997
0.98665000000000003
0.98750000000000004
0.98760000000000003
0.98783333333333334
0.98865000000000003
0.98876666666666668
0.98968333333333336
0.99004999999999999
0.98976666666666668
0.99045000000000005
0.99070000000000003
0.99085000000000001
0.99119999999999997
0.99155000000000004
0.99155000000000004
0.99183333333333334
0.99216666666666664
0.99236666666666662
0.99238333333333328
0.99213333333333331
0.99258333333333337
0.99278333333333335
0.99281666666666668
0.99286666666666668
0.99331666666666663
0.99353333333333338
0.99365000000000003
0.9936166666666667
0.99383333333333335
0.99393333333333334
0.99404999999999999
0.99399999999999999
0.9942333333333333
0.99433333333333329
0.99438333333333329
0.99450000000000005
0.99456666666666671
0.99424999999999997
0.9946666666666667
0.99481666666666668
0.99491666666666667
0.99495
0.99496666666666667
0.99506666666666665
0.99496666666666667
0.99521666666666664
0.99519999999999997
0.99529999999999996
0.99534999999999996
0.99539999999999995
0.99536666666666662
0.99541666666666662
0.99551666666666672
0.99550000000000005
0.99555000000000005
0.9956666666666667
0.99571666666666669
0.99575000000000002
0.99576666666666669
0.99583333333333335
0.99578333333333335
0.99583333333333335
0.99586666666666668
0.99590000000000001
0.99590000000000001
0.99591666666666667
0.99590000000000001
0.99596666666666667
0.99598333333333333
0.99598333333333333
0.99601666666666666
0.99604999999999999
0.99604999999999999
0.99609999999999999
0.99613333333333332
0.99613333333333332
0.99624999999999997
0.9962333333333333
0.99629999999999996
0.99629999999999996
0.99633333333333329
0.99634999999999996
0.99636666666666662
0.99636666666666662
0.99639999999999995
0.99639999999999995
0.99641666666666662
0.99646666666666661
0.99643333333333328
0.99644999999999995
0.99648333333333339
0.99648333333333339
0.99651666666666672
0.99648333333333339
0.99651666666666672
0.99658333333333338
0.99661666666666671
0.9966666666666667
0.99670000000000003
0.99670000000000003
0.99668333333333337
0.99670000000000003
0.99670000000000003
0.99673333333333336
0.9967166666666667
0.9967166666666667
0.99675000000000002
0.99678333333333335
0.99678333333333335
0.99678333333333335
0.99676666666666669
0.99680000000000002
0.99680000000000002
0.99681666666666668
0.99685000000000001
0.99688333333333334
0.99688333333333334
0.99690000000000001
0.99690000000000001
0.99691666666666667
0.99693333333333334
0.99695
0.99695
0.99696666666666667
0.99695
0.99698333333333333
0.99698333333333333
0.99698333333333333
0.99698333333333333
0.99701666666666666
0.99701666666666666
0.99701666666666666
0.99701666666666666
0.99701666666666666
0.99701666666666666
0.99701666666666666
0.99701666666666666
0.99701666666666666
0.99703333333333333
0.99704999999999999
0.99703333333333333
0.99704999999999999
0.99704999999999999
0.99706666666666666
0.99708333333333332
0.99713333333333332
0.99713333333333332
0.99714999999999998
0.99714999999999998
0.99718333333333331
0.99719999999999998
0.99719999999999998
0.99719999999999998
0.99721666666666664
0.99721666666666664
0.9972333333333333
0.9972333333333333
0.9972333333333333
0.99724999999999997
0.9972333333333333
0.99724999999999997
0.99724999999999997
0.99726666666666663
0.99726666666666663
0.99729999999999996
0.99731666666666663
0.99731666666666663
0.99731666666666663
0.99729999999999996
0.99729999999999996
0.99733333333333329
0.99733333333333329
0.99733333333333329
0.99733333333333329
0.99733333333333329
0.99733333333333329
0.99733333333333329
0.99733333333333329
