0.79018333333333335
0.83591666666666664
0.91218333333333335
0.93930000000000002
0.94974999999999998
0.95665
0.9624166666666667
0.96671666666666667
0.96966666666666668
0.97218333333333329
0.97406666666666664
0.97570000000000001
0.97716666666666663
0.97860000000000003
0.97970000000000002
0.98075000000000001
0.98145000000000004
0.98211666666666664
0.98271666666666668
0.98375000000000001
0.98438333333333339
0.98448333333333338
0.98521666666666663
0.98555000000000004
0.98640000000000005
0.98645000000000005
0.98716666666666664
0.98748333333333338
0.9881833333333333
0.98870000000000002
0.98901666666666666
0.98913333333333331
0.98956666666666671
0.9899
0.98999999999999999
0.99051666666666671
0.99065000000000003
0.9912333333333333
0.99138333333333328
0.99151666666666671
0.9916666666666667
0.99201666666666666
0.99226666666666663
0.99219999999999997
0.99199999999999999
0.99251666666666671
0.99278333333333335
0.99308333333333332
0.99314999999999998
0.99313333333333331
0.99329999999999996
0.99334999999999996
0.9936166666666667
0.99376666666666669
0.99380000000000002
0.99403333333333332
0.99386666666666668
0.99385000000000001
0.99424999999999997
0.99429999999999996
0.99438333333333329
0.99446666666666672
0.99446666666666672
0.99444999999999995
0.9946166666666667
0.99463333333333337
0.9946666666666667
0.99478333333333335
0.99471666666666669
0.99486666666666668
0.99496666666666667
0.99496666666666667
0.99490000000000001
0.99504999999999999
0.99506666666666665
0.99511666666666665
0.99516666666666664
0.99524999999999997
0.9952333333333333
0.99521666666666664
0.9952833333333333
0.99531666666666663
0.99536666666666662
0.99531666666666663
0.99541666666666662
0.99539999999999995
0.99543333333333328
0.99544999999999995
0.99544999999999995
0.99550000000000005
0.99548333333333339
0.99546666666666672
0.99558333333333338
0.99558333333333338
0.99563333333333337
0.99561666666666671
0.99570000000000003
0.99573333333333336
0.99571666666666669
0.99576666666666669
0.99576666666666669
0.99576666666666669
0.99580000000000002
0.99586666666666668
0.99586666666666668
0.99588333333333334
0.99588333333333334
0.99590000000000001
0.99588333333333334
0.99591666666666667
0.99598333333333333
0.99603333333333333
0.99601666666666666
0.99601666666666666
0.99603333333333333
0.99603333333333333
0.99603333333333333
0.99606666666666666
0.99611666666666665
0.99618333333333331
0.99614999999999998
0.99616666666666664
0.99621666666666664
0.99624999999999997
0.9962333333333333
0.9962833333333333
0.99633333333333329
0.99639999999999995
0.99636666666666662
0.99639999999999995
0.99643333333333328
0.99644999999999995
0.99643333333333328
0.99646666666666661
0.99644999999999995
0.99644999999999995
0.99646666666666661
0.99646666666666661
0.99646666666666661
0.99651666666666672
0.99655000000000005
0.99655000000000005
0.99656666666666671
0.99656666666666671
0.99658333333333338
0.99660000000000004
0.99660000000000004
0.99660000000000004
0.99660000000000004
0.99660000000000004
0.99660000000000004
0.99661666666666671
0.99665000000000004
0.9966666666666667
0.9966666666666667
0.99668333333333337
0.99673333333333336
0.9967166666666667
0.99670000000000003
0.99676666666666669
0.99678333333333335
0.99678333333333335
0.99680000000000002
0.99681666666666668
0.99681666666666668
0.99681666666666668
0.99683333333333335
0.99686666666666668
0.99686666666666668
0.99686666666666668
0.99685000000000001
0.99686666666666668
0.99688333333333334
0.99688333333333334
0.99688333333333334
0.99688333333333334
0.99688333333333334
0.99690000000000001
0.99690000000000001
0.99690000000000001
0.99690000000000001
0.99690000000000001
0.99690000000000001
0.99690000000000001
0.99690000000000001
0.99690000000000001
0.99690000000000001
0.99690000000000001
0.99690000000000001
0.99691666666666667
0.99693333333333334
0.99693333333333334
0.99695
0.99695
0.99695
0.99695
0.99695
0.99695
0.99695
0.99695
