0.7920666666666667
0.91123333333333334
0.93453333333333333
0.94828333333333337
0.95615000000000006
0.96181666666666665
0.96583333333333332
0.96901666666666664
0.97160000000000002
0.97406666666666664
0.97598333333333331
0.97745000000000004
0.9788
0.97906666666666664
0.98075000000000001
0.98178333333333334
0.98240000000000005
0.98323333333333329
0.98373333333333335
0.98493333333333333
0.98560000000000003
0.98636666666666661
0.98603333333333332
0.98666666666666669
0.98748333333333338
0.98799999999999999
0.98829999999999996
0.98871666666666669
0.98919999999999997
0.98941666666666672
0.98981666666666668
0.9902333333333333
0.98956666666666671
0.99070000000000003
0.99104999999999999
0.99103333333333332
0.99136666666666662
0.99131666666666662
0.9916166666666667
0.9916166666666667
0.99206666666666665
0.99221666666666664
0.99268333333333336
0.9922833333333333
0.99273333333333336
0.99285000000000001
0.99293333333333333
0.9932333333333333
0.99306666666666665
0.99329999999999996
0.99345000000000006
0.99345000000000006
0.99350000000000005
0.99376666666666669
0.99388333333333334
0.99381666666666668
0.99390000000000001
0.99399999999999999
0.99419999999999997
0.99434999999999996
0.99429999999999996
0.99433333333333329
0.99458333333333337
0.9946166666666667
0.99450000000000005
0.99481666666666668
0.99476666666666669
0.99485000000000001
0.99496666666666667
0.99498333333333333
0.99501666666666666
0.99516666666666664
0.99511666666666665
0.99514999999999998
0.99519999999999997
0.99524999999999997
0.9952833333333333
0.99531666666666663
0.99541666666666662
0.99543333333333328
0.99544999999999995
0.99546666666666672
0.99550000000000005
0.99553333333333338
0.99555000000000005
0.99563333333333337
0.9956666666666667
0.99570000000000003
0.99573333333333336
0.99573333333333336
0.99578333333333335
0.99581666666666668
0.99581666666666668
0.99585000000000001
0.99585000000000001
0.99588333333333334
0.99590000000000001
0.99591666666666667
0.99591666666666667
0.99595
0.99596666666666667
0.99596666666666667
0.99598333333333333
0.99601666666666666
0.99603333333333333
0.99603333333333333
0.99604999999999999
0.99608333333333332
0.99611666666666665
0.99611666666666665
0.99614999999999998
0.99614999999999998
0.99614999999999998
0.99618333333333331
0.99618333333333331
0.99624999999999997
0.9962333333333333
0.99624999999999997
0.99624999999999997
0.99626666666666663
0.99624999999999997
0.99633333333333329
0.99633333333333329
0.99633333333333329
0.99633333333333329
0.99634999999999996
0.99634999999999996
0.99636666666666662
0.99634999999999996
0.99639999999999995
0.99639999999999995
0.99641666666666662
0.99641666666666662
0.99643333333333328
0.99644999999999995
0.99644999999999995
0.99644999999999995
0.99644999999999995
0.99644999999999995
0.99646666666666661
0.99646666666666661
0.99646666666666661
0.99651666666666672
0.99650000000000005
0.99651666666666672
0.99653333333333338
0.99653333333333338
0.99655000000000005
0.99655000000000005
0.99655000000000005
0.99656666666666671
0.99655000000000005
0.99658333333333338
0.99656666666666671
0.99660000000000004
0.99661666666666671
0.99661666666666671
0.99661666666666671
0.99663333333333337
0.99663333333333337
0.99665000000000004
0.99665000000000004
0.99665000000000004
0.9966666666666667
0.9966666666666667
0.9966666666666667
0.9966666666666667
0.9966666666666667
0.9966666666666667
0.99668333333333337
0.99670000000000003
0.99668333333333337
0.99668333333333337
0.99668333333333337
0.9967166666666667
0.9967166666666667
0.9967166666666667
0.9967166666666667
0.99673333333333336
0.99676666666666669
0.99676666666666669
0.99678333333333335
0.99678333333333335
0.99680000000000002
0.99680000000000002
0.99680000000000002
0.99680000000000002
0.99680000000000002
0.99680000000000002
0.99680000000000002
0.99681666666666668
0.99681666666666668
0.99683333333333335
0.99685000000000001
0.99685000000000001
0.99685000000000001
0.99688333333333334
0.99688333333333334
0.99688333333333334
0.99688333333333334
