7.444400191307067871e-01
9.179199934005737305e-01
9.439200162887573242e-01
9.631599783897399902e-01
9.632400274276733398e-01
9.658799767494201660e-01
9.750000238418579102e-01
9.828799962997436523e-01
9.874399900436401367e-01
9.855999946594238281e-01
9.933999776840209961e-01
9.941200017929077148e-01
9.957600235939025879e-01
9.970800280570983887e-01
9.968400001525878906e-01
9.975600242614746094e-01
9.894000291824340820e-01
9.913200139999389648e-01
9.994400143623352051e-01
9.927200078964233398e-01
9.981200098991394043e-01
9.997199773788452148e-01
9.893599748611450195e-01
9.982799887657165527e-01
9.994800090789794922e-01
9.984400272369384766e-01
9.996399879455566406e-01
9.966400265693664551e-01
9.988800287246704102e-01
9.862800240516662598e-01
