7.134000062942504883e-01
8.242400288581848145e-01
9.323599934577941895e-01
9.535199999809265137e-01
9.656000137329101562e-01
9.732800126075744629e-01
9.654399752616882324e-01
9.624800086021423340e-01
9.779199957847595215e-01
9.874399900436401367e-01
9.761199951171875000e-01
9.925199747085571289e-01
9.909999966621398926e-01
9.889199733734130859e-01
9.911199808120727539e-01
9.917200207710266113e-01
9.963999986648559570e-01
9.981200098991394043e-01
9.986400008201599121e-01
9.953200221061706543e-01
9.940400123596191406e-01
9.978799819946289062e-01
9.991599917411804199e-01
9.972800016403198242e-01
9.994400143623352051e-01
9.991599917411804199e-01
9.980000257492065430e-01
9.995200037956237793e-01
9.981200098991394043e-01
9.971200227737426758e-01
