6.917200088500976562e-01
8.481199741363525391e-01
9.253200292587280273e-01
9.442399740219116211e-01
9.638800024986267090e-01
9.714400172233581543e-01
9.786800146102905273e-01
9.694399833679199219e-01
9.850800037384033203e-01
9.665600061416625977e-01
9.786000251770019531e-01
9.868400096893310547e-01
9.944000244140625000e-01
9.960799813270568848e-01
9.967200160026550293e-01
9.973599910736083984e-01
9.909999966621398926e-01
9.972400069236755371e-01
9.973599910736083984e-01
9.984800219535827637e-01
9.879599809646606445e-01
9.965599775314331055e-01
9.982399940490722656e-01
9.984400272369384766e-01
9.993199706077575684e-01
9.832400083541870117e-01
9.384400248527526855e-01
9.977999925613403320e-01
9.994800090789794922e-01
9.996799826622009277e-01
