7.081199884414672852e-01
8.893600106239318848e-01
9.302800297737121582e-01
9.426000118255615234e-01
9.666399955749511719e-01
9.683200120925903320e-01
9.797199964523315430e-01
9.802799820899963379e-01
9.846000075340270996e-01
9.883999824523925781e-01
9.899200201034545898e-01
9.868400096893310547e-01
9.865999817848205566e-01
9.955199956893920898e-01
9.940400123596191406e-01
9.889600276947021484e-01
9.976400136947631836e-01
9.815599918365478516e-01
9.951999783515930176e-01
9.989200234413146973e-01
9.992399811744689941e-01
9.992799758911132812e-01
9.990800023078918457e-01
9.995200037956237793e-01
9.828400015830993652e-01
9.983199834823608398e-01
9.967200160026550293e-01
9.994400143623352051e-01
9.989200234413146973e-01
9.995999932289123535e-01
