7.737600207328796387e-01
9.127600193023681641e-01
9.340800046920776367e-01
9.656800031661987305e-01
9.702399969100952148e-01
9.786400198936462402e-01
9.668800234794616699e-01
9.791600108146667480e-01
9.896000027656555176e-01
9.689999818801879883e-01
9.931200146675109863e-01
9.954800009727478027e-01
9.935200214385986328e-01
9.963600039482116699e-01
9.936400055885314941e-01
9.986000061035156250e-01
9.955199956893920898e-01
9.978799819946289062e-01
9.993600249290466309e-01
9.744399785995483398e-01
9.967600107192993164e-01
9.991199970245361328e-01
9.992799758911132812e-01
9.986799955368041992e-01
9.998000264167785645e-01
9.992799758911132812e-01
9.997599720954895020e-01
9.947999715805053711e-01
9.959999918937683105e-01
9.965599775314331055e-01
