0.91131666666666666
0.95453333333333334
0.96863333333333335
0.97506666666666664
0.97861666666666669
0.98123333333333329
0.98350000000000004
0.98521666666666663
0.98641666666666672
0.98765000000000003
0.98851666666666671
0.98926666666666663
0.98995
0.99055000000000004
0.99138333333333328
0.99201666666666666
0.99238333333333328
0.99278333333333335
0.99313333333333331
0.99365000000000003
0.99409999999999998
0.99429999999999996
0.99486666666666668
0.99524999999999997
0.99546666666666672
0.99575000000000002
0.99601666666666666
0.99636666666666662
0.99661666666666671
0.99676666666666669
0.99708333333333332
0.99718333333333331
0.99734999999999996
0.99746666666666661
0.99758333333333338
0.99778333333333336
0.99796666666666667
0.99804999999999999
0.99816666666666665
0.99833333333333329
0.99850000000000005
0.99863333333333337
0.99873333333333336
0.99878333333333336
0.99888333333333335
0.99896666666666667
0.999
0.99906666666666666
0.99913333333333332
0.99919999999999998
0.99926666666666664
0.99938333333333329
0.99941666666666662
0.99943333333333328
0.99944999999999995
0.99946666666666661
0.99953333333333338
0.99955000000000005
0.99960000000000004
0.99960000000000004
0.99965000000000004
0.9996666666666667
0.99968333333333337
0.9997166666666667
0.99973333333333336
0.99975000000000003
0.99976666666666669
0.99978333333333336
0.99978333333333336
0.99981666666666669
0.99981666666666669
0.99981666666666669
0.99981666666666669
0.99981666666666669
0.99981666666666669
0.99983333333333335
0.99986666666666668
0.99986666666666668
0.99986666666666668
0.99988333333333335
0.99988333333333335
0.99988333333333335
0.99990000000000001
0.99990000000000001
0.99991666666666668
0.99993333333333334
0.99995000000000001
0.99996666666666667
0.99996666666666667
0.99996666666666667
0.99998333333333334
0.99998333333333334
1
1
1
1
1
1
1
1
1
1
1
1
1
1
1
1
1
1
1
1
1
1
1
1
1
1
1
1
1
1
1
1
1
1
1
1
1
1
1
1
1
1
1
1
1
1
1
1
1
1
1
1
1
1
1
1
1
1
1
1
1
1
1
1
1
1
1
1
1
1
1
1
1
1
1
1
1
1
1
1
1
1
1
1
1
1
1
1
1
1
1
1
1
1
1
1
1
1
1
1
1
1
1
1
1
1
1
1
