0.91164999999999996
0.95298333333333329
0.96743333333333337
0.97428333333333328
0.97783333333333333
0.98055000000000003
0.98231666666666662
0.98378333333333334
0.98516666666666663
0.98628333333333329
0.98740000000000006
0.98841666666666672
0.98928333333333329
0.99008333333333332
0.99083333333333334
0.99139999999999995
0.99193333333333333
0.99250000000000005
0.99295
0.99336666666666662
0.99371666666666669
0.99408333333333332
0.99453333333333338
0.99471666666666669
0.99501666666666666
0.99531666666666663
0.99568333333333336
0.99590000000000001
0.99609999999999999
0.99641666666666662
0.99665000000000004
0.99686666666666668
0.99701666666666666
0.99716666666666665
0.99739999999999995
0.99751666666666672
0.9976666666666667
0.99785000000000001
0.998
0.99818333333333331
0.99831666666666663
0.99841666666666662
0.99860000000000004
0.9986666666666667
0.99880000000000002
0.99891666666666667
0.999
0.99904999999999999
0.99913333333333332
0.99923333333333331
0.99926666666666664
0.99936666666666663
0.99941666666666662
0.99951666666666672
0.99956666666666671
0.99960000000000004
0.99963333333333337
0.99963333333333337
0.9996666666666667
0.99970000000000003
0.99970000000000003
0.99970000000000003
0.9997166666666667
0.9997166666666667
0.99973333333333336
0.99973333333333336
0.99973333333333336
0.99973333333333336
0.99973333333333336
0.99973333333333336
0.99976666666666669
0.99976666666666669
0.99978333333333336
0.99978333333333336
0.99981666666666669
0.99981666666666669
0.99981666666666669
0.99981666666666669
0.99981666666666669
0.99986666666666668
0.99986666666666668
0.99990000000000001
0.99993333333333334
0.99993333333333334
0.99993333333333334
0.99995000000000001
0.99995000000000001
0.99996666666666667
0.99996666666666667
0.99996666666666667
0.99996666666666667
0.99996666666666667
0.99996666666666667
0.99996666666666667
0.99996666666666667
0.99996666666666667
0.99996666666666667
0.99996666666666667
0.99998333333333334
0.99998333333333334
0.99998333333333334
0.99998333333333334
0.99998333333333334
0.99998333333333334
0.99998333333333334
1
1
1
1
1
1
1
1
1
1
1
1
1
1
1
1
1
1
1
1
1
1
1
1
1
1
1
1
1
1
1
1
1
1
1
1
1
1
1
1
1
1
1
1
1
1
1
1
1
1
1
1
1
1
1
1
1
1
1
1
1
1
1
1
1
1
1
1
1
1
1
1
1
1
1
1
1
1
1
1
1
1
1
1
1
1
1
1
1
1
1
1
1
1
1
