0.89675000000000005
0.94501666666666662
0.96188333333333331
0.97004999999999997
0.97481666666666666
0.97841666666666671
0.98124999999999996
0.98336666666666661
0.98498333333333332
0.98621666666666663
0.9875666666666667
0.9885666666666667
0.98928333333333329
0.9899
0.9906666666666667
0.99131666666666662
0.99186666666666667
0.99221666666666664
0.9926666666666667
0.99309999999999998
0.99355000000000004
0.99381666666666668
0.99413333333333331
0.99450000000000005
0.99491666666666667
0.99521666666666664
0.99556666666666671
0.99583333333333335
0.99619999999999997
0.99644999999999995
0.99668333333333337
0.99686666666666668
0.99709999999999999
0.99731666666666663
0.99750000000000005
0.9977166666666667
0.99806666666666666
0.99823333333333331
0.99850000000000005
0.99856666666666671
0.9986666666666667
0.9987166666666667
0.99883333333333335
0.99895
0.99904999999999999
0.99911666666666665
0.99916666666666665
0.99921666666666664
0.99926666666666664
0.99934999999999996
0.99938333333333329
0.99941666666666662
0.99944999999999995
0.99944999999999995
0.99953333333333338
0.99956666666666671
0.99960000000000004
0.9996666666666667
0.99970000000000003
0.99970000000000003
0.99973333333333336
0.99975000000000003
0.99976666666666669
0.99978333333333336
0.99980000000000002
0.99980000000000002
0.99981666666666669
0.99983333333333335
0.99983333333333335
0.99983333333333335
0.99985000000000002
0.99985000000000002
0.99985000000000002
0.99985000000000002
0.99990000000000001
0.99991666666666668
0.99991666666666668
0.99991666666666668
0.99993333333333334
0.99993333333333334
0.99993333333333334
0.99993333333333334
0.99995000000000001
0.99995000000000001
0.99995000000000001
0.99995000000000001
0.99995000000000001
0.99996666666666667
0.99998333333333334
0.99998333333333334
0.99998333333333334
0.99998333333333334
0.99998333333333334
1
1
1
1
1
1
1
1
1
1
1
1
1
1
1
1
1
1
1
1
1
1
1
1
1
1
1
1
1
1
1
1
1
1
1
1
1
1
1
1
1
1
1
1
1
1
1
1
1
1
1
1
1
1
1
1
1
1
1
1
1
1
1
1
1
1
1
1
1
1
1
1
1
1
1
1
1
1
1
1
1
1
1
1
1
1
1
1
1
1
1
1
1
1
1
1
1
1
1
1
1
1
1
1
1
1
1
