0.92269999999999996
0.95294999999999996
0.96519999999999995
0.97233333333333338
0.97668333333333335
0.97940000000000005
0.98171666666666668
0.98358333333333337
0.98521666666666663
0.98658333333333337
0.98775000000000002
0.98885000000000001
0.98980000000000001
0.99053333333333338
0.99104999999999999
0.99165000000000003
0.99206666666666665
0.99260000000000004
0.9929
0.9932833333333333
0.99375000000000002
0.99398333333333333
0.99426666666666663
0.99465000000000003
0.99491666666666667
0.99526666666666663
0.99546666666666672
0.99571666666666669
0.99601666666666666
0.99634999999999996
0.99651666666666672
0.99680000000000002
0.99698333333333333
0.99714999999999998
0.99746666666666661
0.99761666666666671
0.99783333333333335
0.99790000000000001
0.99803333333333333
0.99814999999999998
0.99829999999999997
0.99834999999999996
0.99844999999999995
0.99853333333333338
0.99865000000000004
0.9987166666666667
0.99878333333333336
0.99885000000000002
0.99898333333333333
0.99906666666666666
0.99911666666666665
0.99919999999999998
0.99923333333333331
0.99934999999999996
0.99946666666666661
0.99948333333333328
0.99953333333333338
0.99956666666666671
0.99960000000000004
0.99961666666666671
0.99961666666666671
0.99965000000000004
0.99968333333333337
0.99970000000000003
0.9997166666666667
0.99975000000000003
0.99975000000000003
0.99975000000000003
0.99975000000000003
0.99980000000000002
0.99980000000000002
0.99980000000000002
0.99980000000000002
0.99981666666666669
0.99985000000000002
0.99985000000000002
0.99985000000000002
0.99986666666666668
0.99986666666666668
0.99986666666666668
0.99986666666666668
0.99986666666666668
0.99988333333333335
0.99988333333333335
0.99988333333333335
0.99988333333333335
0.99990000000000001
0.99991666666666668
0.99991666666666668
0.99991666666666668
0.99991666666666668
0.99991666666666668
0.99993333333333334
0.99995000000000001
0.99995000000000001
0.99995000000000001
0.99995000000000001
0.99995000000000001
0.99996666666666667
0.99996666666666667
0.99996666666666667
1
1
1
1
1
1
1
1
1
1
1
1
1
1
1
1
1
1
1
1
1
1
1
1
1
1
1
1
1
1
1
1
1
1
1
1
1
1
1
1
1
1
1
1
1
1
1
1
1
1
1
1
1
1
1
1
1
1
1
1
1
1
1
1
1
1
1
1
1
1
1
1
1
1
1
1
1
1
1
1
1
1
1
1
1
1
1
1
1
1
1
1
1
1
1
1
1
1
1
