0.91631666666666667
0.95248333333333335
0.96593333333333331
0.97284999999999999
0.97688333333333333
0.98011666666666664
0.98246666666666671
0.98411666666666664
0.98546666666666671
0.98673333333333335
0.98793333333333333
0.98885000000000001
0.98960000000000004
0.99016666666666664
0.99098333333333333
0.99146666666666672
0.99199999999999999
0.99255000000000004
0.99303333333333332
0.99339999999999995
0.99390000000000001
0.99418333333333331
0.99450000000000005
0.99475000000000002
0.99498333333333333
0.99516666666666664
0.99543333333333328
0.99556666666666671
0.99588333333333334
0.99609999999999999
0.9962833333333333
0.99644999999999995
0.99660000000000004
0.99673333333333336
0.99696666666666667
0.99711666666666665
0.99733333333333329
0.99746666666666661
0.99756666666666671
0.99773333333333336
0.99788333333333334
0.99804999999999999
0.99821666666666664
0.99833333333333329
0.99855000000000005
0.99863333333333337
0.9987166666666667
0.99878333333333336
0.99885000000000002
0.99886666666666668
0.99895
0.99903333333333333
0.99911666666666665
0.99913333333333332
0.99919999999999998
0.99919999999999998
0.99923333333333331
0.9993333333333333
0.99938333333333329
0.99943333333333328
0.99944999999999995
0.99951666666666672
0.99953333333333338
0.99955000000000005
0.99958333333333338
0.99958333333333338
0.99960000000000004
0.99963333333333337
0.99965000000000004
0.99965000000000004
0.9996666666666667
0.99970000000000003
0.9997166666666667
0.99980000000000002
0.99981666666666669
0.99985000000000002
0.99986666666666668
0.99988333333333335
0.99988333333333335
0.99986666666666668
0.99988333333333335
0.99990000000000001
0.99990000000000001
0.99990000000000001
0.99990000000000001
0.99990000000000001
0.99990000000000001
0.99990000000000001
0.99990000000000001
0.99990000000000001
0.99990000000000001
0.99991666666666668
0.99991666666666668
0.99991666666666668
0.99991666666666668
0.99993333333333334
0.99993333333333334
0.99993333333333334
0.99995000000000001
0.99995000000000001
0.99995000000000001
0.99995000000000001
0.99996666666666667
0.99996666666666667
0.99996666666666667
0.99996666666666667
0.99996666666666667
0.99996666666666667
0.99996666666666667
0.99996666666666667
0.99996666666666667
0.99996666666666667
0.99996666666666667
0.99996666666666667
0.99996666666666667
0.99996666666666667
0.99996666666666667
0.99996666666666667
0.99996666666666667
0.99996666666666667
0.99996666666666667
0.99996666666666667
0.99996666666666667
0.99996666666666667
0.99996666666666667
0.99996666666666667
0.99996666666666667
0.99996666666666667
0.99996666666666667
0.99996666666666667
0.99996666666666667
0.99996666666666667
0.99996666666666667
0.99996666666666667
0.99996666666666667
0.99996666666666667
0.99998333333333334
0.99998333333333334
0.99998333333333334
0.99998333333333334
0.99998333333333334
0.99998333333333334
0.99998333333333334
1
1
1
1
1
1
1
1
1
1
1
1
1
1
1
1
1
1
1
1
1
1
1
1
1
1
1
1
1
1
1
1
1
1
1
1
1
1
1
1
1
1
1
1
1
1
1
1
1
1
1
1
1
1
1
1
1
