9.484000205993652344e-01
9.679333567619323730e-01
9.759166836738586426e-01
9.803500175476074219e-01
9.835000038146972656e-01
9.854666590690612793e-01
9.872666597366333008e-01
9.880999922752380371e-01
9.886833429336547852e-01
9.900833368301391602e-01
9.907833337783813477e-01
9.918500185012817383e-01
9.920166730880737305e-01
9.924833178520202637e-01
9.934999942779541016e-01
9.939166903495788574e-01
9.941333532333374023e-01
9.943166375160217285e-01
9.951999783515930176e-01
9.942333102226257324e-01
9.957833290100097656e-01
9.956499934196472168e-01
9.965500235557556152e-01
9.964500069618225098e-01
9.964333176612854004e-01
9.969666600227355957e-01
9.971333146095275879e-01
9.974166750907897949e-01
9.968500137329101562e-01
9.978333115577697754e-01
9.981666803359985352e-01
9.980333447456359863e-01
9.980999827384948730e-01
9.982833266258239746e-01
9.984166622161865234e-01
9.974333047866821289e-01
9.987000226974487305e-01
9.990000128746032715e-01
9.990500211715698242e-01
9.988833069801330566e-01
9.991666674613952637e-01
9.992333054542541504e-01
9.991499781608581543e-01
9.994000196456909180e-01
9.993833303451538086e-01
9.993166923522949219e-01
9.993166923522949219e-01
9.994666576385498047e-01
9.995166659355163574e-01
9.994833469390869141e-01
9.996166825294494629e-01
9.996500015258789062e-01
9.995166659355163574e-01
9.995999932289123535e-01
9.996333122253417969e-01
9.996500015258789062e-01
9.996833205223083496e-01
9.997000098228454590e-01
9.996333122253417969e-01
9.997833371162414551e-01
9.997500181198120117e-01
9.997833371162414551e-01
9.998333454132080078e-01
9.998166561126708984e-01
9.998166561126708984e-01
9.998499751091003418e-01
9.998666644096374512e-01
9.998999834060668945e-01
9.998833537101745605e-01
9.998666644096374512e-01
9.998666644096374512e-01
9.998833537101745605e-01
9.999166727066040039e-01
9.999166727066040039e-01
9.999333620071411133e-01
9.998499751091003418e-01
9.999166727066040039e-01
9.999333620071411133e-01
9.999166727066040039e-01
9.999333620071411133e-01
9.999333620071411133e-01
9.999499917030334473e-01
9.999499917030334473e-01
9.999499917030334473e-01
9.999499917030334473e-01
9.999499917030334473e-01
9.999666810035705566e-01
9.999499917030334473e-01
9.999333620071411133e-01
9.999499917030334473e-01
9.999666810035705566e-01
9.999666810035705566e-01
9.999499917030334473e-01
9.999833106994628906e-01
9.999499917030334473e-01
9.999666810035705566e-01
9.999833106994628906e-01
9.999666810035705566e-01
9.999833106994628906e-01
9.999833106994628906e-01
9.999833106994628906e-01
9.999833106994628906e-01
1.000000000000000000e+00
9.999833106994628906e-01
9.999833106994628906e-01
1.000000000000000000e+00
1.000000000000000000e+00
1.000000000000000000e+00
1.000000000000000000e+00
1.000000000000000000e+00
1.000000000000000000e+00
1.000000000000000000e+00
1.000000000000000000e+00
1.000000000000000000e+00
1.000000000000000000e+00
1.000000000000000000e+00
1.000000000000000000e+00
1.000000000000000000e+00
1.000000000000000000e+00
1.000000000000000000e+00
1.000000000000000000e+00
1.000000000000000000e+00
1.000000000000000000e+00
1.000000000000000000e+00
1.000000000000000000e+00
1.000000000000000000e+00
1.000000000000000000e+00
1.000000000000000000e+00
1.000000000000000000e+00
1.000000000000000000e+00
1.000000000000000000e+00
1.000000000000000000e+00
1.000000000000000000e+00
1.000000000000000000e+00
1.000000000000000000e+00
1.000000000000000000e+00
1.000000000000000000e+00
1.000000000000000000e+00
1.000000000000000000e+00
1.000000000000000000e+00
1.000000000000000000e+00
1.000000000000000000e+00
1.000000000000000000e+00
1.000000000000000000e+00
1.000000000000000000e+00
1.000000000000000000e+00
1.000000000000000000e+00
1.000000000000000000e+00
1.000000000000000000e+00
1.000000000000000000e+00
1.000000000000000000e+00
1.000000000000000000e+00
1.000000000000000000e+00
1.000000000000000000e+00
1.000000000000000000e+00
1.000000000000000000e+00
1.000000000000000000e+00
1.000000000000000000e+00
1.000000000000000000e+00
1.000000000000000000e+00
1.000000000000000000e+00
1.000000000000000000e+00
1.000000000000000000e+00
1.000000000000000000e+00
1.000000000000000000e+00
1.000000000000000000e+00
1.000000000000000000e+00
1.000000000000000000e+00
1.000000000000000000e+00
1.000000000000000000e+00
1.000000000000000000e+00
1.000000000000000000e+00
1.000000000000000000e+00
1.000000000000000000e+00
1.000000000000000000e+00
1.000000000000000000e+00
1.000000000000000000e+00
1.000000000000000000e+00
1.000000000000000000e+00
1.000000000000000000e+00
1.000000000000000000e+00
1.000000000000000000e+00
1.000000000000000000e+00
1.000000000000000000e+00
1.000000000000000000e+00
1.000000000000000000e+00
1.000000000000000000e+00
1.000000000000000000e+00
1.000000000000000000e+00
1.000000000000000000e+00
1.000000000000000000e+00
1.000000000000000000e+00
1.000000000000000000e+00
1.000000000000000000e+00
1.000000000000000000e+00
1.000000000000000000e+00
1.000000000000000000e+00
1.000000000000000000e+00
1.000000000000000000e+00
1.000000000000000000e+00
