9.378499984741210938e-01
9.628999829292297363e-01
9.727166891098022461e-01
9.777166843414306641e-01
9.814666509628295898e-01
9.830999970436096191e-01
9.857166409492492676e-01
9.871833324432373047e-01
9.871000051498413086e-01
9.894000291824340820e-01
9.896666407585144043e-01
9.915500283241271973e-01
9.919999837875366211e-01
9.913333058357238770e-01
9.929999709129333496e-01
9.929333329200744629e-01
9.937333464622497559e-01
9.929999709129333496e-01
9.937333464622497559e-01
9.946666955947875977e-01
9.943666458129882812e-01
9.958833456039428711e-01
9.958500266075134277e-01
9.960500001907348633e-01
9.964666962623596191e-01
9.962499737739562988e-01
9.968500137329101562e-01
9.973333477973937988e-01
9.958000183105468750e-01
9.977999925613403320e-01
9.979000091552734375e-01
9.977833628654479980e-01
9.983666539192199707e-01
9.983166456222534180e-01
9.985333085060119629e-01
9.985833168029785156e-01
9.987833499908447266e-01
9.987333416938781738e-01
9.989666938781738281e-01
9.986166954040527344e-01
9.991166591644287109e-01
9.993166923522949219e-01
9.993500113487243652e-01
9.992833137512207031e-01
9.993000030517578125e-01
9.994166493415832520e-01
9.994166493415832520e-01
9.995833039283752441e-01
9.989833235740661621e-01
9.994500279426574707e-01
9.996500015258789062e-01
9.994166493415832520e-01
9.995833039283752441e-01
9.997000098228454590e-01
9.996666908264160156e-01
9.996666908264160156e-01
9.997500181198120117e-01
9.997666478157043457e-01
9.997333288192749023e-01
9.997666478157043457e-01
9.995499849319458008e-01
9.998166561126708984e-01
9.997833371162414551e-01
9.998000264167785645e-01
9.998666644096374512e-01
9.998999834060668945e-01
9.997833371162414551e-01
9.998000264167785645e-01
9.998833537101745605e-01
9.999333620071411133e-01
9.998999834060668945e-01
9.998999834060668945e-01
9.999333620071411133e-01
9.999833106994628906e-01
9.999499917030334473e-01
9.999833106994628906e-01
9.999499917030334473e-01
9.999499917030334473e-01
9.999666810035705566e-01
9.999833106994628906e-01
9.999833106994628906e-01
9.999833106994628906e-01
9.999499917030334473e-01
9.999833106994628906e-01
1.000000000000000000e+00
9.999833106994628906e-01
9.999833106994628906e-01
9.999833106994628906e-01
9.999833106994628906e-01
1.000000000000000000e+00
9.999833106994628906e-01
1.000000000000000000e+00
1.000000000000000000e+00
1.000000000000000000e+00
1.000000000000000000e+00
1.000000000000000000e+00
1.000000000000000000e+00
1.000000000000000000e+00
1.000000000000000000e+00
1.000000000000000000e+00
1.000000000000000000e+00
1.000000000000000000e+00
1.000000000000000000e+00
1.000000000000000000e+00
1.000000000000000000e+00
1.000000000000000000e+00
1.000000000000000000e+00
1.000000000000000000e+00
1.000000000000000000e+00
1.000000000000000000e+00
1.000000000000000000e+00
1.000000000000000000e+00
1.000000000000000000e+00
1.000000000000000000e+00
1.000000000000000000e+00
1.000000000000000000e+00
1.000000000000000000e+00
1.000000000000000000e+00
1.000000000000000000e+00
1.000000000000000000e+00
1.000000000000000000e+00
1.000000000000000000e+00
1.000000000000000000e+00
1.000000000000000000e+00
1.000000000000000000e+00
1.000000000000000000e+00
1.000000000000000000e+00
1.000000000000000000e+00
1.000000000000000000e+00
1.000000000000000000e+00
1.000000000000000000e+00
1.000000000000000000e+00
1.000000000000000000e+00
1.000000000000000000e+00
1.000000000000000000e+00
1.000000000000000000e+00
1.000000000000000000e+00
1.000000000000000000e+00
1.000000000000000000e+00
1.000000000000000000e+00
1.000000000000000000e+00
1.000000000000000000e+00
1.000000000000000000e+00
1.000000000000000000e+00
1.000000000000000000e+00
1.000000000000000000e+00
1.000000000000000000e+00
1.000000000000000000e+00
1.000000000000000000e+00
1.000000000000000000e+00
1.000000000000000000e+00
1.000000000000000000e+00
1.000000000000000000e+00
1.000000000000000000e+00
1.000000000000000000e+00
1.000000000000000000e+00
1.000000000000000000e+00
1.000000000000000000e+00
1.000000000000000000e+00
1.000000000000000000e+00
1.000000000000000000e+00
1.000000000000000000e+00
1.000000000000000000e+00
1.000000000000000000e+00
1.000000000000000000e+00
1.000000000000000000e+00
1.000000000000000000e+00
1.000000000000000000e+00
1.000000000000000000e+00
1.000000000000000000e+00
1.000000000000000000e+00
1.000000000000000000e+00
1.000000000000000000e+00
1.000000000000000000e+00
1.000000000000000000e+00
1.000000000000000000e+00
1.000000000000000000e+00
1.000000000000000000e+00
1.000000000000000000e+00
1.000000000000000000e+00
1.000000000000000000e+00
1.000000000000000000e+00
1.000000000000000000e+00
1.000000000000000000e+00
1.000000000000000000e+00
1.000000000000000000e+00
1.000000000000000000e+00
1.000000000000000000e+00
1.000000000000000000e+00
1.000000000000000000e+00
1.000000000000000000e+00
1.000000000000000000e+00
1.000000000000000000e+00
1.000000000000000000e+00
1.000000000000000000e+00
1.000000000000000000e+00
1.000000000000000000e+00
1.000000000000000000e+00
1.000000000000000000e+00
1.000000000000000000e+00
