9.495999813079833984e-01
9.690166711807250977e-01
9.762499928474426270e-01
9.802833199501037598e-01
9.831166863441467285e-01
9.848999977111816406e-01
9.857333302497863770e-01
9.876833558082580566e-01
9.895166754722595215e-01
9.902666807174682617e-01
9.908000230789184570e-01
9.903333187103271484e-01
9.918333292007446289e-01
9.919666647911071777e-01
9.930333495140075684e-01
9.936500191688537598e-01
9.938166737556457520e-01
9.941333532333374023e-01
9.950666427612304688e-01
9.952166676521301270e-01
9.955333471298217773e-01
9.957166910171508789e-01
9.962499737739562988e-01
9.957833290100097656e-01
9.966666698455810547e-01
9.961833357810974121e-01
9.973166584968566895e-01
9.973166584968566895e-01
9.975000023841857910e-01
9.977999925613403320e-01
9.975666403770446777e-01
9.980499744415283203e-01
9.981499910354614258e-01
9.981666803359985352e-01
9.982333183288574219e-01
9.982333183288574219e-01
9.979333281517028809e-01
9.984166622161865234e-01
9.986666440963745117e-01
9.987499713897705078e-01
9.988999962806701660e-01
9.987666606903076172e-01
9.989500045776367188e-01
9.990500211715698242e-01
9.990000128746032715e-01
9.991833567619323730e-01
9.991333484649658203e-01
9.993166923522949219e-01
9.992166757583618164e-01
9.993000030517578125e-01
9.989333152770996094e-01
9.995333552360534668e-01
9.994666576385498047e-01
9.995666742324829102e-01
9.995333552360534668e-01
9.995166659355163574e-01
9.996333122253417969e-01
9.996333122253417969e-01
9.995999932289123535e-01
9.995999932289123535e-01
9.996666908264160156e-01
9.997166395187377930e-01
9.996666908264160156e-01
9.997500181198120117e-01
9.996666908264160156e-01
9.997666478157043457e-01
9.997500181198120117e-01
9.997166395187377930e-01
9.998499751091003418e-01
9.998166561126708984e-01
9.998166561126708984e-01
9.998499751091003418e-01
9.998833537101745605e-01
9.998666644096374512e-01
9.998833537101745605e-01
9.999166727066040039e-01
9.998333454132080078e-01
9.998499751091003418e-01
9.999333620071411133e-01
9.999166727066040039e-01
9.998833537101745605e-01
9.999166727066040039e-01
9.999333620071411133e-01
9.999499917030334473e-01
9.999666810035705566e-01
9.999666810035705566e-01
9.999499917030334473e-01
9.999499917030334473e-01
9.999833106994628906e-01
9.999666810035705566e-01
9.999666810035705566e-01
9.999666810035705566e-01
9.999666810035705566e-01
9.999666810035705566e-01
1.000000000000000000e+00
9.999666810035705566e-01
9.999833106994628906e-01
9.999833106994628906e-01
9.999666810035705566e-01
9.999833106994628906e-01
9.999833106994628906e-01
1.000000000000000000e+00
1.000000000000000000e+00
1.000000000000000000e+00
9.999833106994628906e-01
9.999833106994628906e-01
1.000000000000000000e+00
1.000000000000000000e+00
1.000000000000000000e+00
1.000000000000000000e+00
1.000000000000000000e+00
1.000000000000000000e+00
1.000000000000000000e+00
1.000000000000000000e+00
1.000000000000000000e+00
1.000000000000000000e+00
1.000000000000000000e+00
1.000000000000000000e+00
1.000000000000000000e+00
1.000000000000000000e+00
1.000000000000000000e+00
1.000000000000000000e+00
1.000000000000000000e+00
1.000000000000000000e+00
1.000000000000000000e+00
1.000000000000000000e+00
1.000000000000000000e+00
1.000000000000000000e+00
1.000000000000000000e+00
1.000000000000000000e+00
1.000000000000000000e+00
1.000000000000000000e+00
1.000000000000000000e+00
1.000000000000000000e+00
1.000000000000000000e+00
1.000000000000000000e+00
1.000000000000000000e+00
1.000000000000000000e+00
1.000000000000000000e+00
1.000000000000000000e+00
1.000000000000000000e+00
1.000000000000000000e+00
1.000000000000000000e+00
1.000000000000000000e+00
1.000000000000000000e+00
1.000000000000000000e+00
1.000000000000000000e+00
1.000000000000000000e+00
1.000000000000000000e+00
1.000000000000000000e+00
1.000000000000000000e+00
1.000000000000000000e+00
1.000000000000000000e+00
1.000000000000000000e+00
1.000000000000000000e+00
1.000000000000000000e+00
1.000000000000000000e+00
1.000000000000000000e+00
1.000000000000000000e+00
1.000000000000000000e+00
1.000000000000000000e+00
1.000000000000000000e+00
1.000000000000000000e+00
1.000000000000000000e+00
1.000000000000000000e+00
1.000000000000000000e+00
1.000000000000000000e+00
1.000000000000000000e+00
1.000000000000000000e+00
1.000000000000000000e+00
1.000000000000000000e+00
1.000000000000000000e+00
1.000000000000000000e+00
1.000000000000000000e+00
1.000000000000000000e+00
1.000000000000000000e+00
1.000000000000000000e+00
1.000000000000000000e+00
1.000000000000000000e+00
1.000000000000000000e+00
1.000000000000000000e+00
1.000000000000000000e+00
1.000000000000000000e+00
1.000000000000000000e+00
1.000000000000000000e+00
1.000000000000000000e+00
1.000000000000000000e+00
1.000000000000000000e+00
1.000000000000000000e+00
1.000000000000000000e+00
1.000000000000000000e+00
1.000000000000000000e+00
1.000000000000000000e+00
1.000000000000000000e+00
1.000000000000000000e+00
1.000000000000000000e+00
1.000000000000000000e+00
1.000000000000000000e+00
1.000000000000000000e+00
1.000000000000000000e+00
