9.441000223159790039e-01
9.666166901588439941e-01
9.747999906539916992e-01
9.800166487693786621e-01
9.826999902725219727e-01
9.853500127792358398e-01
9.866166710853576660e-01
9.877833127975463867e-01
9.895666837692260742e-01
9.898999929428100586e-01
9.905499815940856934e-01
9.916166663169860840e-01
9.914833307266235352e-01
9.925833344459533691e-01
9.932666420936584473e-01
9.936333298683166504e-01
9.937166571617126465e-01
9.943500161170959473e-01
9.945166707038879395e-01
9.955499768257141113e-01
9.954333305358886719e-01
9.948833584785461426e-01
9.962833523750305176e-01
9.964166879653930664e-01
9.968166947364807129e-01
9.969499707221984863e-01
9.973499774932861328e-01
9.974666833877563477e-01
9.975833296775817871e-01
9.977999925613403320e-01
9.982333183288574219e-01
9.978333115577697754e-01
9.978500008583068848e-01
9.979500174522399902e-01
9.982666373252868652e-01
9.986166954040527344e-01
9.985833168029785156e-01
9.987833499908447266e-01
9.987166523933410645e-01
9.989500045776367188e-01
9.990333318710327148e-01
9.990333318710327148e-01
9.989333152770996094e-01
9.990666508674621582e-01
9.992333054542541504e-01
9.993000030517578125e-01
9.993833303451538086e-01
9.994166493415832520e-01
9.994333386421203613e-01
9.994333386421203613e-01
9.994666576385498047e-01
9.994833469390869141e-01
9.995333552360534668e-01
9.995166659355163574e-01
9.995166659355163574e-01
9.994833469390869141e-01
9.995999932289123535e-01
9.996166825294494629e-01
9.996166825294494629e-01
9.995833039283752441e-01
9.996333122253417969e-01
9.996833205223083496e-01
9.997333288192749023e-01
9.997166395187377930e-01
9.997833371162414551e-01
9.997333288192749023e-01
9.997166395187377930e-01
9.997666478157043457e-01
9.997500181198120117e-01
9.997833371162414551e-01
9.998499751091003418e-01
9.998000264167785645e-01
9.998000264167785645e-01
9.998333454132080078e-01
9.998499751091003418e-01
9.998833537101745605e-01
9.998666644096374512e-01
9.998833537101745605e-01
9.999166727066040039e-01
9.999166727066040039e-01
9.998999834060668945e-01
9.998666644096374512e-01
9.999166727066040039e-01
9.999166727066040039e-01
9.999333620071411133e-01
9.999166727066040039e-01
9.999166727066040039e-01
9.999499917030334473e-01
9.999333620071411133e-01
9.999333620071411133e-01
9.999333620071411133e-01
9.999499917030334473e-01
9.999166727066040039e-01
9.999499917030334473e-01
9.999166727066040039e-01
9.999666810035705566e-01
9.999499917030334473e-01
9.999499917030334473e-01
9.999666810035705566e-01
9.999499917030334473e-01
9.999666810035705566e-01
9.999499917030334473e-01
9.999499917030334473e-01
9.999499917030334473e-01
9.999499917030334473e-01
9.999666810035705566e-01
9.999666810035705566e-01
9.999666810035705566e-01
9.999666810035705566e-01
9.999499917030334473e-01
9.999666810035705566e-01
9.999333620071411133e-01
9.999666810035705566e-01
9.999666810035705566e-01
9.999666810035705566e-01
9.999666810035705566e-01
9.999666810035705566e-01
9.999666810035705566e-01
9.999666810035705566e-01
9.999666810035705566e-01
9.999666810035705566e-01
9.999666810035705566e-01
9.999666810035705566e-01
9.999833106994628906e-01
9.999666810035705566e-01
9.999833106994628906e-01
9.999833106994628906e-01
9.999833106994628906e-01
9.999833106994628906e-01
9.999666810035705566e-01
9.999666810035705566e-01
1.000000000000000000e+00
1.000000000000000000e+00
9.999833106994628906e-01
9.999833106994628906e-01
1.000000000000000000e+00
1.000000000000000000e+00
9.999833106994628906e-01
1.000000000000000000e+00
1.000000000000000000e+00
1.000000000000000000e+00
1.000000000000000000e+00
1.000000000000000000e+00
1.000000000000000000e+00
9.999833106994628906e-01
1.000000000000000000e+00
1.000000000000000000e+00
1.000000000000000000e+00
1.000000000000000000e+00
1.000000000000000000e+00
1.000000000000000000e+00
1.000000000000000000e+00
1.000000000000000000e+00
1.000000000000000000e+00
1.000000000000000000e+00
1.000000000000000000e+00
1.000000000000000000e+00
1.000000000000000000e+00
1.000000000000000000e+00
1.000000000000000000e+00
1.000000000000000000e+00
1.000000000000000000e+00
1.000000000000000000e+00
1.000000000000000000e+00
1.000000000000000000e+00
1.000000000000000000e+00
1.000000000000000000e+00
1.000000000000000000e+00
1.000000000000000000e+00
1.000000000000000000e+00
1.000000000000000000e+00
1.000000000000000000e+00
1.000000000000000000e+00
1.000000000000000000e+00
1.000000000000000000e+00
1.000000000000000000e+00
1.000000000000000000e+00
1.000000000000000000e+00
1.000000000000000000e+00
1.000000000000000000e+00
1.000000000000000000e+00
1.000000000000000000e+00
1.000000000000000000e+00
1.000000000000000000e+00
1.000000000000000000e+00
1.000000000000000000e+00
1.000000000000000000e+00
1.000000000000000000e+00
1.000000000000000000e+00
1.000000000000000000e+00
1.000000000000000000e+00
1.000000000000000000e+00
1.000000000000000000e+00
1.000000000000000000e+00
1.000000000000000000e+00
1.000000000000000000e+00
1.000000000000000000e+00
1.000000000000000000e+00
1.000000000000000000e+00
1.000000000000000000e+00
