9.423999786376953125e-01
9.663666486740112305e-01
9.763333201408386230e-01
9.737666845321655273e-01
9.831833243370056152e-01
9.843166470527648926e-01
9.869999885559082031e-01
9.885333180427551270e-01
9.893833398818969727e-01
9.901999831199645996e-01
9.909666776657104492e-01
9.917500019073486328e-01
9.917833209037780762e-01
9.931833148002624512e-01
9.923999905586242676e-01
9.922500252723693848e-01
9.934833049774169922e-01
9.944166541099548340e-01
9.944333434104919434e-01
9.951166510581970215e-01
9.958000183105468750e-01
9.953833222389221191e-01
9.959166646003723145e-01
9.966333508491516113e-01
9.966166615486145020e-01
9.971333146095275879e-01
9.975166916847229004e-01
9.973333477973937988e-01
9.972000122070312500e-01
9.979500174522399902e-01
9.978666901588439941e-01
9.982833266258239746e-01
9.983666539192199707e-01
9.978666901588439941e-01
9.984666705131530762e-01
9.984499812126159668e-01
9.985499978065490723e-01
9.987666606903076172e-01
9.991333484649658203e-01
9.990166425704956055e-01
9.989500045776367188e-01
9.991999864578247070e-01
9.991000294685363770e-01
9.992666840553283691e-01
9.991833567619323730e-01
9.993500113487243652e-01
9.993833303451538086e-01
9.994333386421203613e-01
9.994166493415832520e-01
9.995166659355163574e-01
9.994999766349792480e-01
9.995666742324829102e-01
9.995499849319458008e-01
9.995999932289123535e-01
9.994166493415832520e-01
9.997000098228454590e-01
9.996666908264160156e-01
9.992499947547912598e-01
9.997166395187377930e-01
9.997833371162414551e-01
9.997333288192749023e-01
9.998000264167785645e-01
9.998166561126708984e-01
9.997333288192749023e-01
9.998666644096374512e-01
9.998833537101745605e-01
9.998166561126708984e-01
9.998499751091003418e-01
9.998666644096374512e-01
9.998999834060668945e-01
9.999166727066040039e-01
9.998833537101745605e-01
9.999166727066040039e-01
9.998833537101745605e-01
9.999333620071411133e-01
9.999333620071411133e-01
9.998999834060668945e-01
9.999333620071411133e-01
9.999499917030334473e-01
9.999166727066040039e-01
9.999333620071411133e-01
9.999333620071411133e-01
9.999499917030334473e-01
9.999333620071411133e-01
9.999333620071411133e-01
9.999499917030334473e-01
9.999499917030334473e-01
9.999666810035705566e-01
9.999333620071411133e-01
9.999499917030334473e-01
9.999499917030334473e-01
9.999666810035705566e-01
9.999666810035705566e-01
9.999666810035705566e-01
9.999666810035705566e-01
9.999833106994628906e-01
9.999666810035705566e-01
9.999666810035705566e-01
9.999833106994628906e-01
9.999833106994628906e-01
9.999833106994628906e-01
1.000000000000000000e+00
1.000000000000000000e+00
1.000000000000000000e+00
1.000000000000000000e+00
1.000000000000000000e+00
1.000000000000000000e+00
1.000000000000000000e+00
1.000000000000000000e+00
1.000000000000000000e+00
1.000000000000000000e+00
1.000000000000000000e+00
1.000000000000000000e+00
1.000000000000000000e+00
1.000000000000000000e+00
1.000000000000000000e+00
1.000000000000000000e+00
1.000000000000000000e+00
1.000000000000000000e+00
1.000000000000000000e+00
1.000000000000000000e+00
1.000000000000000000e+00
1.000000000000000000e+00
1.000000000000000000e+00
1.000000000000000000e+00
1.000000000000000000e+00
1.000000000000000000e+00
1.000000000000000000e+00
1.000000000000000000e+00
1.000000000000000000e+00
1.000000000000000000e+00
1.000000000000000000e+00
1.000000000000000000e+00
1.000000000000000000e+00
1.000000000000000000e+00
1.000000000000000000e+00
1.000000000000000000e+00
1.000000000000000000e+00
1.000000000000000000e+00
1.000000000000000000e+00
1.000000000000000000e+00
1.000000000000000000e+00
1.000000000000000000e+00
1.000000000000000000e+00
1.000000000000000000e+00
1.000000000000000000e+00
1.000000000000000000e+00
1.000000000000000000e+00
1.000000000000000000e+00
1.000000000000000000e+00
1.000000000000000000e+00
1.000000000000000000e+00
1.000000000000000000e+00
1.000000000000000000e+00
1.000000000000000000e+00
1.000000000000000000e+00
1.000000000000000000e+00
1.000000000000000000e+00
1.000000000000000000e+00
1.000000000000000000e+00
1.000000000000000000e+00
1.000000000000000000e+00
1.000000000000000000e+00
1.000000000000000000e+00
1.000000000000000000e+00
1.000000000000000000e+00
1.000000000000000000e+00
1.000000000000000000e+00
1.000000000000000000e+00
1.000000000000000000e+00
1.000000000000000000e+00
1.000000000000000000e+00
1.000000000000000000e+00
1.000000000000000000e+00
1.000000000000000000e+00
1.000000000000000000e+00
1.000000000000000000e+00
1.000000000000000000e+00
1.000000000000000000e+00
1.000000000000000000e+00
1.000000000000000000e+00
1.000000000000000000e+00
1.000000000000000000e+00
1.000000000000000000e+00
1.000000000000000000e+00
1.000000000000000000e+00
1.000000000000000000e+00
1.000000000000000000e+00
1.000000000000000000e+00
1.000000000000000000e+00
1.000000000000000000e+00
1.000000000000000000e+00
1.000000000000000000e+00
1.000000000000000000e+00
1.000000000000000000e+00
1.000000000000000000e+00
1.000000000000000000e+00
1.000000000000000000e+00
1.000000000000000000e+00
1.000000000000000000e+00
