9.090666770935058594e-01
9.335166811943054199e-01
9.481333494186401367e-01
9.575666785240173340e-01
9.636833071708679199e-01
9.679833054542541504e-01
9.708333611488342285e-01
9.728833436965942383e-01
9.753166437149047852e-01
9.772333502769470215e-01
9.782500267028808594e-01
9.794999957084655762e-01
9.806166887283325195e-01
9.812999963760375977e-01
9.819166660308837891e-01
9.824166893959045410e-01
9.830499887466430664e-01
9.833833575248718262e-01
9.840999841690063477e-01
9.843666553497314453e-01
9.845833182334899902e-01
9.853666424751281738e-01
9.857666492462158203e-01
9.860666394233703613e-01
9.863166809082031250e-01
9.866333603858947754e-01
9.870499968528747559e-01
9.876000285148620605e-01
9.875333309173583984e-01
9.877833127975463867e-01
9.877833127975463867e-01
9.881166815757751465e-01
9.884166717529296875e-01
9.883166551589965820e-01
9.883666634559631348e-01
9.890999794006347656e-01
9.890666604042053223e-01
9.892500042915344238e-01
9.894499778747558594e-01
9.896000027656555176e-01
9.897666573524475098e-01
9.899500012397766113e-01
9.900333285331726074e-01
9.900833368301391602e-01
9.903500080108642578e-01
9.903333187103271484e-01
9.902999997138977051e-01
9.904833436012268066e-01
9.906166791915893555e-01
9.910333156585693359e-01
9.907333254814147949e-01
9.911333322525024414e-01
9.912499785423278809e-01
9.912666678428649902e-01
9.914833307266235352e-01
9.911999702453613281e-01
9.914833307266235352e-01
9.915666580200195312e-01
9.915500283241271973e-01
9.918166399002075195e-01
9.914833307266235352e-01
9.918166399002075195e-01
9.920333623886108398e-01
9.920333623886108398e-01
9.921500086784362793e-01
9.922000169754028320e-01
9.923833608627319336e-01
9.923166632652282715e-01
9.926000237464904785e-01
9.925333261489868164e-01
9.926833510398864746e-01
9.927333593368530273e-01
9.930333495140075684e-01
9.928333163261413574e-01
9.930166602134704590e-01
9.929666519165039062e-01
9.930333495140075684e-01
9.932333230972290039e-01
9.929999709129333496e-01
9.933000206947326660e-01
9.933666586875915527e-01
9.933999776840209961e-01
9.930999875068664551e-01
9.935166835784912109e-01
9.933999776840209961e-01
9.935666918754577637e-01
9.936333298683166504e-01
9.934166669845581055e-01
9.934833049774169922e-01
9.935166835784912109e-01
9.937833547592163086e-01
9.940500259399414062e-01
9.938499927520751953e-01
9.938833117485046387e-01
9.939166903495788574e-01
9.940999746322631836e-01
9.943000078201293945e-01
9.941499829292297363e-01
9.941333532333374023e-01
9.943166375160217285e-01
9.944499731063842773e-01
9.940000176429748535e-01
9.941833615303039551e-01
9.943166375160217285e-01
9.945666790008544922e-01
9.946833252906799316e-01
9.945499897003173828e-01
9.941999912261962891e-01
9.942666888236999512e-01
9.946166872978210449e-01
9.947000145912170410e-01
9.947833418846130371e-01
9.950000047683715820e-01
9.948833584785461426e-01
9.944166541099548340e-01
9.949333071708679199e-01
9.952333569526672363e-01
9.952166676521301270e-01
9.952333569526672363e-01
9.951666593551635742e-01
9.950666427612304688e-01
9.951999783515930176e-01
9.952833056449890137e-01
9.951666593551635742e-01
9.951500296592712402e-01
9.952166676521301270e-01
9.952833056449890137e-01
9.950500130653381348e-01
9.953333139419555664e-01
9.953500032424926758e-01
9.950833320617675781e-01
9.949833154678344727e-01
9.956499934196472168e-01
9.954166412353515625e-01
9.955666661262512207e-01
9.957166910171508789e-01
9.956833124160766602e-01
9.951999783515930176e-01
9.955666661262512207e-01
9.959333539009094238e-01
9.957333207130432129e-01
9.958833456039428711e-01
9.958000183105468750e-01
9.955833554267883301e-01
9.958500266075134277e-01
9.956166744232177734e-01
9.960833191871643066e-01
9.957000017166137695e-01
9.961000084877014160e-01
9.959833621978759766e-01
9.962499737739562988e-01
9.960666894912719727e-01
9.961166381835937500e-01
9.960833191871643066e-01
9.961333274841308594e-01
9.961000084877014160e-01
9.964333176612854004e-01
9.962999820709228516e-01
9.964166879653930664e-01
9.964500069618225098e-01
9.965500235557556152e-01
9.962666630744934082e-01
9.965999722480773926e-01
9.963666796684265137e-01
9.966166615486145020e-01
9.961666464805603027e-01
9.965666532516479492e-01
9.965500235557556152e-01
9.966499805450439453e-01
9.966166615486145020e-01
9.967666864395141602e-01
9.962666630744934082e-01
9.966833591461181641e-01
9.967499971389770508e-01
9.967833161354064941e-01
9.968666434288024902e-01
9.967666864395141602e-01
9.965666532516479492e-01
9.969000220298767090e-01
9.968333244323730469e-01
9.969833493232727051e-01
9.966833591461181641e-01
9.970499873161315918e-01
9.969999790191650391e-01
9.966833591461181641e-01
9.969833493232727051e-01
9.972500205039978027e-01
9.971166849136352539e-01
9.969999790191650391e-01
9.971833229064941406e-01
9.971833229064941406e-01
9.970666766166687012e-01
9.972000122070312500e-01
9.971166849136352539e-01
9.969000220298767090e-01
9.973333477973937988e-01
9.973833560943603516e-01
9.972666501998901367e-01
9.973499774932861328e-01
9.971666932106018066e-01
