9.304500222206115723e-01
9.514833092689514160e-01
9.611166715621948242e-01
9.658666849136352539e-01
9.697999954223632812e-01
9.728833436965942383e-01
9.751166701316833496e-01
9.763833284378051758e-01
9.775999784469604492e-01
9.788500070571899414e-01
9.795166850090026855e-01
9.807666540145874023e-01
9.810666441917419434e-01
9.825999736785888672e-01
9.828666448593139648e-01
9.830333590507507324e-01
9.838500022888183594e-01
9.838666915893554688e-01
9.845333099365234375e-01
9.852499961853027344e-01
9.849666953086853027e-01
9.856333136558532715e-01
9.858000278472900391e-01
9.861500263214111328e-01
9.864500164985656738e-01
9.867666959762573242e-01
9.867166876792907715e-01
9.871500134468078613e-01
9.873166680335998535e-01
9.879666566848754883e-01
9.879999756813049316e-01
9.880166649818420410e-01
9.880833625793457031e-01
9.881666898727416992e-01
9.886000156402587891e-01
9.887666702270507812e-01
9.890499711036682129e-01
9.890666604042053223e-01
9.889000058174133301e-01
9.891666769981384277e-01
9.893000125885009766e-01
9.891666769981384277e-01
9.895666837692260742e-01
9.899333119392395020e-01
9.896833300590515137e-01
9.900666475296020508e-01
9.899666905403137207e-01
9.904000163078308105e-01
9.905666708946228027e-01
9.906499981880187988e-01
9.906499981880187988e-01
9.908499717712402344e-01
9.908833503723144531e-01
9.907833337783813477e-01
9.911000132560729980e-01
9.910666942596435547e-01
9.912499785423278809e-01
9.913499951362609863e-01
9.915333390235900879e-01
9.916833043098449707e-01
9.912499785423278809e-01
9.915333390235900879e-01
9.919666647911071777e-01
9.922333359718322754e-01
9.922000169754028320e-01
9.918000102043151855e-01
9.922833442687988281e-01
9.922333359718322754e-01
9.927166700363159180e-01
9.926833510398864746e-01
9.925333261489868164e-01
9.926833510398864746e-01
9.927499890327453613e-01
9.929333329200744629e-01
9.926999807357788086e-01
9.928333163261413574e-01
9.929500222206115723e-01
9.932000041007995605e-01
9.931833148002624512e-01
9.932000041007995605e-01
9.929999709129333496e-01
9.934666752815246582e-01
9.935166835784912109e-01
9.931166768074035645e-01
9.936500191688537598e-01
9.936666488647460938e-01
9.934333562850952148e-01
9.937833547592163086e-01
9.937333464622497559e-01
9.938666820526123047e-01
9.938499927520751953e-01
9.938333630561828613e-01
9.940500259399414062e-01
9.940999746322631836e-01
9.936500191688537598e-01
9.937999844551086426e-01
9.943166375160217285e-01
9.942833185195922852e-01
9.943833351135253906e-01
9.942499995231628418e-01
9.942499995231628418e-01
9.941166639328002930e-01
9.947666525840759277e-01
9.943166375160217285e-01
9.946666955947875977e-01
9.945333600044250488e-01
9.948333501815795898e-01
9.946833252906799316e-01
9.947166442871093750e-01
9.949333071708679199e-01
9.947500228881835938e-01
9.948166608810424805e-01
9.948833584785461426e-01
9.948333501815795898e-01
9.950666427612304688e-01
9.948833584785461426e-01
9.952166676521301270e-01
9.951000213623046875e-01
9.951999783515930176e-01
9.952333569526672363e-01
9.952166676521301270e-01
9.952499866485595703e-01
9.951500296592712402e-01
9.954833388328552246e-01
9.952166676521301270e-01
9.954500198364257812e-01
9.955499768257141113e-01
9.956166744232177734e-01
9.951833486557006836e-01
9.956499934196472168e-01
9.953666925430297852e-01
9.956166744232177734e-01
9.958833456039428711e-01
9.955666661262512207e-01
9.955666661262512207e-01
9.959999918937683105e-01
9.960333108901977539e-01
9.958333373069763184e-01
9.957500100135803223e-01
9.960833191871643066e-01
9.957166910171508789e-01
9.957000017166137695e-01
9.959666728973388672e-01
9.962166547775268555e-01
9.961666464805603027e-01
9.962499737739562988e-01
9.963833093643188477e-01
9.962333440780639648e-01
9.959499835968017578e-01
9.961666464805603027e-01
9.962666630744934082e-01
9.963499903678894043e-01
9.966666698455810547e-01
9.964500069618225098e-01
9.965833425521850586e-01
9.966499805450439453e-01
9.966333508491516113e-01
9.966833591461181641e-01
9.964500069618225098e-01
9.966999888420104980e-01
9.966499805450439453e-01
9.968333244323730469e-01
9.965666532516479492e-01
9.968166947364807129e-01
9.967166781425476074e-01
9.968333244323730469e-01
9.968000054359436035e-01
9.967499971389770508e-01
9.968000054359436035e-01
9.966499805450439453e-01
9.969000220298767090e-01
9.970333576202392578e-01
9.970666766166687012e-01
9.971666932106018066e-01
9.969833493232727051e-01
9.969000220298767090e-01
9.971500039100646973e-01
9.970833063125610352e-01
9.970666766166687012e-01
9.971500039100646973e-01
9.970499873161315918e-01
9.972333312034606934e-01
9.968833327293395996e-01
9.970999956130981445e-01
9.970999956130981445e-01
9.970999956130981445e-01
9.973333477973937988e-01
9.971833229064941406e-01
9.971500039100646973e-01
9.972000122070312500e-01
9.973999857902526855e-01
9.973333477973937988e-01
9.974666833877563477e-01
9.975666403770446777e-01
9.973999857902526855e-01
9.974333047866821289e-01
9.974499940872192383e-01
9.976333379745483398e-01
9.974833130836486816e-01
9.973499774932861328e-01
