9.393166899681091309e-01
9.547166824340820312e-01
9.623666405677795410e-01
9.670666456222534180e-01
9.703000187873840332e-01
9.725666642189025879e-01
9.742500185966491699e-01
9.757999777793884277e-01
9.776333570480346680e-01
9.786166548728942871e-01
9.792333245277404785e-01
9.799333214759826660e-01
9.813333153724670410e-01
9.816666841506958008e-01
9.813666939735412598e-01
9.824833273887634277e-01
9.826666712760925293e-01
9.831833243370056152e-01
9.835833311080932617e-01
9.839000105857849121e-01
9.848333597183227539e-01
9.849666953086853027e-01
9.853500127792358398e-01
9.856833219528198242e-01
9.862833619117736816e-01
9.864666461944580078e-01
9.863166809082031250e-01
9.866333603858947754e-01
9.872499704360961914e-01
9.870833158493041992e-01
9.874333143234252930e-01
9.874166846275329590e-01
9.875000119209289551e-01
9.880499839782714844e-01
9.881166815757751465e-01
9.880166649818420410e-01
9.883166551589965820e-01
9.887499809265136719e-01
9.888666868209838867e-01
9.892833232879638672e-01
9.889000058174133301e-01
9.894499778747558594e-01
9.895333051681518555e-01
9.895666837692260742e-01
9.896666407585144043e-01
9.895499944686889648e-01
9.899666905403137207e-01
9.901833534240722656e-01
9.900666475296020508e-01
9.900833368301391602e-01
9.901499748229980469e-01
9.905833601951599121e-01
9.900000095367431641e-01
9.906166791915893555e-01
9.904666543006896973e-01
9.911166429519653320e-01
9.911666512489318848e-01
9.913499951362609863e-01
9.909666776657104492e-01
9.908333420753479004e-01
9.913499951362609863e-01
9.914333224296569824e-01
9.915666580200195312e-01
9.916499853134155273e-01
9.916333556175231934e-01
9.917500019073486328e-01
9.920166730880737305e-01
9.918833374977111816e-01
9.917333126068115234e-01
9.921166896820068359e-01
9.921333193778991699e-01
9.920333623886108398e-01
9.920333623886108398e-01
9.921500086784362793e-01
9.925333261489868164e-01
9.923999905586242676e-01
9.924166798591613770e-01
9.925833344459533691e-01
9.926999807357788086e-01
9.926999807357788086e-01
9.927166700363159180e-01
9.925166964530944824e-01
9.929833412170410156e-01
9.932166934013366699e-01
9.928833246231079102e-01
9.933833479881286621e-01
9.933000206947326660e-01
9.932500123977661133e-01
9.933333396911621094e-01
9.933500289916992188e-01
9.934166669845581055e-01
9.936000108718872070e-01
9.936333298683166504e-01
9.937000274658203125e-01
9.936333298683166504e-01
9.937499761581420898e-01
9.936666488647460938e-01
9.937333464622497559e-01
9.939500093460083008e-01
9.937000274658203125e-01
9.941833615303039551e-01
9.940333366394042969e-01
9.941166639328002930e-01
9.940333366394042969e-01
9.937833547592163086e-01
9.941666722297668457e-01
9.940999746322631836e-01
9.944499731063842773e-01
9.945333600044250488e-01
9.943833351135253906e-01
9.943333268165588379e-01
9.944333434104919434e-01
9.945666790008544922e-01
9.946666955947875977e-01
9.947333335876464844e-01
9.945666790008544922e-01
9.947166442871093750e-01
9.948333501815795898e-01
9.949166774749755859e-01
9.947500228881835938e-01
9.947999715805053711e-01
9.948499798774719238e-01
9.948333501815795898e-01
9.950000047683715820e-01
9.949499964714050293e-01
9.952499866485595703e-01
9.951333403587341309e-01
9.952666759490966797e-01
9.952166676521301270e-01
9.951999783515930176e-01
9.949666857719421387e-01
9.955499768257141113e-01
9.954833388328552246e-01
9.953833222389221191e-01
9.954666495323181152e-01
9.952166676521301270e-01
9.954666495323181152e-01
9.956666827201843262e-01
9.955833554267883301e-01
9.955666661262512207e-01
9.957000017166137695e-01
9.957333207130432129e-01
9.957166910171508789e-01
9.958000183105468750e-01
9.958500266075134277e-01
9.958999752998352051e-01
9.958000183105468750e-01
9.958666563034057617e-01
9.958999752998352051e-01
9.959999918937683105e-01
9.957166910171508789e-01
9.961333274841308594e-01
9.958999752998352051e-01
9.960833191871643066e-01
9.959499835968017578e-01
9.963333606719970703e-01
9.961333274841308594e-01
9.963499903678894043e-01
9.962999820709228516e-01
9.962333440780639648e-01
9.962833523750305176e-01
9.963166713714599609e-01
9.961833357810974121e-01
9.963999986648559570e-01
9.963666796684265137e-01
9.963999986648559570e-01
9.966166615486145020e-01
9.965666532516479492e-01
9.963666796684265137e-01
9.963666796684265137e-01
9.962000250816345215e-01
9.963833093643188477e-01
9.966333508491516113e-01
9.967166781425476074e-01
9.967666864395141602e-01
9.966999888420104980e-01
9.968000054359436035e-01
9.967166781425476074e-01
9.968166947364807129e-01
9.966999888420104980e-01
9.968500137329101562e-01
9.968500137329101562e-01
9.968333244323730469e-01
9.967833161354064941e-01
9.969000220298767090e-01
9.969833493232727051e-01
9.969666600227355957e-01
9.970333576202392578e-01
9.970499873161315918e-01
9.969833493232727051e-01
9.970499873161315918e-01
9.970499873161315918e-01
9.970666766166687012e-01
9.969833493232727051e-01
9.970333576202392578e-01
9.973666667938232422e-01
9.972500205039978027e-01
9.971166849136352539e-01
9.969666600227355957e-01
9.973499774932861328e-01
