9.216666817665100098e-01
9.446499943733215332e-01
9.552166461944580078e-01
9.621666669845581055e-01
9.669499993324279785e-01
9.696000218391418457e-01
9.713333249092102051e-01
9.745000004768371582e-01
9.760666489601135254e-01
9.770333170890808105e-01
9.779166579246520996e-01
9.790333509445190430e-01
9.795500040054321289e-01
9.802166819572448730e-01
9.807000160217285156e-01
9.816666841506958008e-01
9.816666841506958008e-01
9.826166629791259766e-01
9.826666712760925293e-01
9.835166931152343750e-01
9.832999706268310547e-01
9.839166402816772461e-01
9.841666817665100098e-01
9.843500256538391113e-01
9.850333333015441895e-01
9.851499795913696289e-01
9.853666424751281738e-01
9.858999848365783691e-01
9.856333136558532715e-01
9.862999916076660156e-01
9.867833256721496582e-01
9.865666627883911133e-01
9.868833422660827637e-01
9.870166778564453125e-01
9.872833490371704102e-01
9.877499938011169434e-01
9.878333210945129395e-01
9.882500171661376953e-01
9.880999922752380371e-01
9.883000254631042480e-01
9.882666468620300293e-01
9.886999726295471191e-01
9.889166951179504395e-01
9.889166951179504395e-01
9.892500042915344238e-01
9.894166588783264160e-01
9.892666935920715332e-01
9.895833134651184082e-01
9.896166920661926270e-01
9.898833036422729492e-01
9.901499748229980469e-01
9.897333383560180664e-01
9.900500178337097168e-01
9.904666543006896973e-01
9.900333285331726074e-01
9.905333518981933594e-01
9.904666543006896973e-01
9.908833503723144531e-01
9.904333353042602539e-01
9.905999898910522461e-01
9.906333088874816895e-01
9.910833239555358887e-01
9.911000132560729980e-01
9.910500049591064453e-01
9.911999702453613281e-01
9.914000034332275391e-01
9.914000034332275391e-01
9.916166663169860840e-01
9.916833043098449707e-01
9.917333126068115234e-01
9.917333126068115234e-01
9.916166663169860840e-01
9.916499853134155273e-01
9.920499920845031738e-01
9.920499920845031738e-01
9.920166730880737305e-01
9.923333525657653809e-01
9.925000071525573730e-01
9.922999739646911621e-01
9.923499822616577148e-01
9.926333427429199219e-01
9.926999807357788086e-01
9.928166866302490234e-01
9.924499988555908203e-01
9.926000237464904785e-01
9.928666949272155762e-01
9.925500154495239258e-01
9.930499792098999023e-01
9.929500222206115723e-01
9.931333065032958984e-01
9.928666949272155762e-01
9.932333230972290039e-01
9.931166768074035645e-01
9.937166571617126465e-01
9.936333298683166504e-01
9.936166405677795410e-01
9.937833547592163086e-01
9.938499927520751953e-01
9.936500191688537598e-01
9.939666390419006348e-01
9.939666390419006348e-01
9.939833283424377441e-01
9.940166473388671875e-01
9.939666390419006348e-01
9.940000176429748535e-01
9.940833449363708496e-01
9.941166639328002930e-01
9.940000176429748535e-01
9.944666624069213867e-01
9.944666624069213867e-01
9.944999814033508301e-01
9.941499829292297363e-01
9.937166571617126465e-01
9.943166375160217285e-01
9.945499897003173828e-01
9.945999979972839355e-01
9.943666458129882812e-01
9.946166872978210449e-01
9.947999715805053711e-01
9.947833418846130371e-01
9.949166774749755859e-01
9.949333071708679199e-01
9.948166608810424805e-01
9.948666691780090332e-01
9.946333169937133789e-01
9.951333403587341309e-01
9.948499798774719238e-01
9.952333569526672363e-01
9.947833418846130371e-01
9.952833056449890137e-01
9.950666427612304688e-01
9.953166842460632324e-01
9.952833056449890137e-01
9.953833222389221191e-01
9.953500032424926758e-01
9.954666495323181152e-01
9.952999949455261230e-01
9.955000281333923340e-01
9.955499768257141113e-01
9.956499934196472168e-01
9.956333041191101074e-01
9.956166744232177734e-01
9.956499934196472168e-01
9.955666661262512207e-01
9.957833290100097656e-01
9.956666827201843262e-01
9.958000183105468750e-01
9.959666728973388672e-01
9.956666827201843262e-01
9.959166646003723145e-01
9.960333108901977539e-01
9.960666894912719727e-01
9.958000183105468750e-01
9.955000281333923340e-01
9.961500167846679688e-01
9.961666464805603027e-01
9.961500167846679688e-01
9.962666630744934082e-01
9.960833191871643066e-01
9.962333440780639648e-01
9.962166547775268555e-01
9.963999986648559570e-01
9.962499737739562988e-01
9.964166879653930664e-01
9.960333108901977539e-01
9.963833093643188477e-01
9.964666962623596191e-01
9.964833259582519531e-01
9.964500069618225098e-01
9.964333176612854004e-01
9.962833523750305176e-01
9.964500069618225098e-01
9.963833093643188477e-01
9.962499737739562988e-01
9.965166449546813965e-01
9.963166713714599609e-01
9.968500137329101562e-01
9.966833591461181641e-01
9.965999722480773926e-01
9.967499971389770508e-01
9.966833591461181641e-01
9.967666864395141602e-01
9.968000054359436035e-01
9.969666600227355957e-01
9.968833327293395996e-01
9.969333410263061523e-01
9.969000220298767090e-01
9.969666600227355957e-01
9.969833493232727051e-01
9.969499707221984863e-01
9.970499873161315918e-01
9.970333576202392578e-01
9.970333576202392578e-01
9.971500039100646973e-01
9.969999790191650391e-01
9.969499707221984863e-01
9.972333312034606934e-01
9.971333146095275879e-01
9.973333477973937988e-01
9.971500039100646973e-01
