9.205833077430725098e-01
9.450500011444091797e-01
9.580166935920715332e-01
9.654999971389770508e-01
9.695333242416381836e-01
9.720166921615600586e-01
9.745166897773742676e-01
9.761333465576171875e-01
9.770500063896179199e-01
9.790333509445190430e-01
9.794499874114990234e-01
9.809333086013793945e-01
9.813333153724670410e-01
9.822999835014343262e-01
9.828166961669921875e-01
9.835833311080932617e-01
9.842833280563354492e-01
9.844833612442016602e-01
9.846000075340270996e-01
9.852833151817321777e-01
9.860166907310485840e-01
9.860000014305114746e-01
9.856166839599609375e-01
9.865166544914245605e-01
9.868166446685791016e-01
9.871666431427001953e-01
9.873999953269958496e-01
9.876999855041503906e-01
9.878833293914794922e-01
9.872833490371704102e-01
9.882166385650634766e-01
9.884499907493591309e-01
9.885333180427551270e-01
9.888333082199096680e-01
9.887833595275878906e-01
9.890833497047424316e-01
9.889666438102722168e-01
9.894000291824340820e-01
9.894666671752929688e-01
9.893333315849304199e-01
9.896833300590515137e-01
9.899500012397766113e-01
9.899833202362060547e-01
9.900166392326354980e-01
9.901000261306762695e-01
9.902499914169311523e-01
9.905166625976562500e-01
9.904999732971191406e-01
9.908833503723144531e-01
9.908666610717773438e-01
9.903500080108642578e-01
9.912833571434020996e-01
9.911000132560729980e-01
9.909499883651733398e-01
9.914666414260864258e-01
9.914833307266235352e-01
9.919499754905700684e-01
9.916499853134155273e-01
9.915000200271606445e-01
9.918000102043151855e-01
9.922666549682617188e-01
9.919666647911071777e-01
9.923333525657653809e-01
9.923333525657653809e-01
9.923833608627319336e-01
9.917166829109191895e-01
9.926666617393493652e-01
9.928500056266784668e-01
9.927666783332824707e-01
9.928666949272155762e-01
9.928833246231079102e-01
9.928333163261413574e-01
9.931833148002624512e-01
9.930166602134704590e-01
9.931666851043701172e-01
9.930833578109741211e-01
9.931333065032958984e-01
9.933833479881286621e-01
9.933333396911621094e-01
9.934333562850952148e-01
9.934166669845581055e-01
9.929666519165039062e-01
9.935166835784912109e-01
9.938333630561828613e-01
9.937833547592163086e-01
9.936333298683166504e-01
9.933333396911621094e-01
9.940500259399414062e-01
9.940500259399414062e-01
9.940999746322631836e-01
9.938833117485046387e-01
9.940000176429748535e-01
9.942499995231628418e-01
9.940000176429748535e-01
9.944000244140625000e-01
9.937166571617126465e-01
9.944000244140625000e-01
9.946833252906799316e-01
9.945999979972839355e-01
9.946166872978210449e-01
9.941666722297668457e-01
9.944999814033508301e-01
9.946166872978210449e-01
9.946333169937133789e-01
9.949833154678344727e-01
9.950166940689086914e-01
9.947833418846130371e-01
9.950333237648010254e-01
9.948666691780090332e-01
9.947666525840759277e-01
9.952999949455261230e-01
9.952333569526672363e-01
9.946333169937133789e-01
9.952666759490966797e-01
9.951999783515930176e-01
9.951333403587341309e-01
9.952666759490966797e-01
9.954000115394592285e-01
9.953333139419555664e-01
9.940999746322631836e-01
9.954166412353515625e-01
9.956166744232177734e-01
9.957333207130432129e-01
9.956499934196472168e-01
9.955999851226806641e-01
9.954333305358886719e-01
9.957166910171508789e-01
9.955999851226806641e-01
9.957666397094726562e-01
9.954666495323181152e-01
9.959333539009094238e-01
9.958999752998352051e-01
9.952166676521301270e-01
9.958166480064392090e-01
9.960500001907348633e-01
9.961833357810974121e-01
9.958500266075134277e-01
9.959499835968017578e-01
9.961166381835937500e-01
9.958666563034057617e-01
9.961666464805603027e-01
9.961000084877014160e-01
9.960833191871643066e-01
9.962999820709228516e-01
9.959833621978759766e-01
9.962333440780639648e-01
9.963666796684265137e-01
9.963333606719970703e-01
9.964166879653930664e-01
9.961166381835937500e-01
9.965166449546813965e-01
9.964500069618225098e-01
9.963999986648559570e-01
9.962833523750305176e-01
9.963666796684265137e-01
9.965999722480773926e-01
9.963833093643188477e-01
9.962666630744934082e-01
9.965833425521850586e-01
9.966833591461181641e-01
9.967833161354064941e-01
9.964666962623596191e-01
9.965833425521850586e-01
9.967499971389770508e-01
9.965333342552185059e-01
9.969999790191650391e-01
9.967166781425476074e-01
9.966499805450439453e-01
9.969166517257690430e-01
9.969666600227355957e-01
9.966333508491516113e-01
9.969666600227355957e-01
9.967833161354064941e-01
9.969999790191650391e-01
9.970333576202392578e-01
9.970333576202392578e-01
9.970499873161315918e-01
9.971333146095275879e-01
9.968000054359436035e-01
9.972500205039978027e-01
9.973833560943603516e-01
9.970833063125610352e-01
9.970833063125610352e-01
9.971833229064941406e-01
9.971833229064941406e-01
9.971500039100646973e-01
9.973333477973937988e-01
9.972833395004272461e-01
9.973666667938232422e-01
9.973499774932861328e-01
9.974166750907897949e-01
9.971833229064941406e-01
9.974333047866821289e-01
9.975333213806152344e-01
9.975166916847229004e-01
9.976666569709777832e-01
9.974333047866821289e-01
9.975500106811523438e-01
9.975000023841857910e-01
9.975000023841857910e-01
