0.63380000000000003
0.82916666666666672
0.89959999999999996
0.91590000000000005
0.92464999999999997
0.93105000000000004
0.93596666666666661
0.94033333333333335
0.94428333333333336
0.94736666666666669
0.94973333333333332
0.95266666666666666
0.95478333333333332
0.95663333333333334
0.95833333333333337
0.96023333333333338
0.96109999999999995
0.96260000000000001
0.96384999999999998
0.96453333333333335
0.96568333333333334
0.96673333333333333
0.96765000000000001
0.96853333333333336
0.96889999999999998
0.96981666666666666
0.97058333333333335
0.97126666666666661
0.97199999999999998
0.97263333333333335
0.97299999999999998
0.97335000000000005
0.97381666666666666
0.97391666666666665
0.97436666666666671
0.97498333333333331
0.97529999999999994
0.97586666666666666
0.97589999999999999
0.97614999999999996
0.97641666666666671
0.97694999999999999
0.97706666666666664
0.97741666666666671
0.9781333333333333
0.97796666666666665
0.97823333333333329
0.97868333333333335
0.97866666666666668
0.97935000000000005
0.97941666666666671
0.97953333333333337
0.97988333333333333
0.97998333333333332
0.98011666666666664
0.98016666666666663
0.98036666666666672
0.98060000000000003
0.98073333333333335
0.98086666666666666
0.98121666666666663
0.98111666666666664
0.98148333333333337
0.9815166666666667
0.98150000000000004
0.98178333333333334
0.98186666666666667
0.98201666666666665
0.98216666666666663
0.98216666666666663
0.98238333333333339
0.9825166666666667
0.98261666666666669
0.98285
0.98286666666666667
0.98303333333333331
0.98328333333333329
0.98345000000000005
0.98353333333333337
0.98360000000000003
0.98366666666666669
0.98380000000000001
0.98378333333333334
0.98394999999999999
0.98403333333333332
0.98408333333333331
0.98409999999999997
0.98434999999999995
0.98438333333333339
0.98458333333333337
0.98458333333333337
0.98478333333333334
0.98480000000000001
0.98506666666666665
0.98508333333333331
0.98499999999999999
0.98521666666666663
0.98528333333333329
0.98550000000000004
0.98555000000000004
0.98536666666666661
0.98580000000000001
0.98568333333333336
0.98586666666666667
0.98591666666666666
0.9861833333333333
0.98624999999999996
0.98629999999999995
0.98643333333333338
0.98655000000000004
0.98651666666666671
0.98671666666666669
0.98670000000000002
0.98675000000000002
0.98673333333333335
0.98683333333333334
0.9869
0.9869
0.98706666666666665
0.9872333333333333
0.98729999999999996
0.98724999999999996
0.98736666666666661
0.98740000000000006
0.98745000000000005
0.98748333333333338
0.98751666666666671
0.9876166666666667
0.98771666666666669
0.9876166666666667
0.98786666666666667
0.98788333333333334
0.9879
0.98793333333333333
0.98803333333333332
0.98796666666666666
0.98804999999999998
0.98814999999999997
0.98821666666666663
0.98826666666666663
0.98829999999999996
0.98845000000000005
0.98851666666666671
0.98855000000000004
0.9885666666666667
0.98870000000000002
0.98876666666666668
0.98876666666666668
0.98873333333333335
0.98886666666666667
0.98898333333333333
0.98895
0.98895
0.98908333333333331
0.98903333333333332
0.98909999999999998
0.98913333333333331
0.98924999999999996
0.98924999999999996
0.98921666666666663
0.98933333333333329
0.98938333333333328
0.98939999999999995
0.98946666666666672
0.98948333333333338
0.98953333333333338
0.98963333333333336
0.9896166666666667
0.98950000000000005
0.98960000000000004
0.98968333333333336
0.98971666666666669
0.98970000000000002
0.98976666666666668
0.98978333333333335
0.98988333333333334
0.98985000000000001
0.98978333333333335
0.9899
0.98981666666666668
0.98995
0.98993333333333333
0.98995
0.99003333333333332
0.99011666666666664
0.98999999999999999
0.99006666666666665
0.99009999999999998
0.99009999999999998
0.99008333333333332
0.99014999999999997
0.99019999999999997
0.99029999999999996
0.99029999999999996
0.99031666666666662
0.99033333333333329
0.99029999999999996
0.99033333333333329
0.99041666666666661
0.99045000000000005
