0.63439999999999996
0.75188333333333335
0.8182666666666667
0.89568333333333339
0.92369999999999997
0.93310000000000004
0.93916666666666671
0.94356666666666666
0.94689999999999996
0.94969999999999999
0.95225000000000004
0.95445000000000002
0.95651666666666668
0.95813333333333328
0.95988333333333331
0.96146666666666669
0.96289999999999998
0.96391666666666664
0.96493333333333331
0.96565000000000001
0.96640000000000004
0.9674166666666667
0.9684166666666667
0.96914999999999996
0.96988333333333332
0.97060000000000002
0.97130000000000005
0.9720833333333333
0.97255000000000003
0.97313333333333329
0.97335000000000005
0.97381666666666666
0.97424999999999995
0.97448333333333337
0.97491666666666665
0.97526666666666662
0.97570000000000001
0.97614999999999996
0.97601666666666664
0.97655000000000003
0.97703333333333331
0.97706666666666664
0.97748333333333337
0.97765000000000002
0.97814999999999996
0.97838333333333338
0.97860000000000003
0.97873333333333334
0.97906666666666664
0.97919999999999996
0.9795666666666667
0.97981666666666667
0.98014999999999997
0.98019999999999996
0.98055000000000003
0.98066666666666669
0.98066666666666669
0.98098333333333332
0.98141666666666671
0.98150000000000004
0.98178333333333334
0.98185
0.98221666666666663
0.98226666666666662
0.98228333333333329
0.98234999999999995
0.98266666666666669
0.98266666666666669
0.98283333333333334
0.98299999999999998
0.98304999999999998
0.98338333333333339
0.98340000000000005
0.98341666666666672
0.98375000000000001
0.98381666666666667
0.9839
0.98409999999999997
0.98404999999999998
0.98424999999999996
0.98428333333333329
0.98441666666666672
0.98460000000000003
0.98470000000000002
0.98475000000000001
0.98476666666666668
0.98485
0.98503333333333332
0.98509999999999998
0.98499999999999999
0.98524999999999996
0.98524999999999996
0.98533333333333328
0.98541666666666672
0.98540000000000005
0.98548333333333338
0.98560000000000003
0.98585
0.98586666666666667
0.98594999999999999
0.98603333333333332
0.98594999999999999
0.98636666666666661
0.98626666666666662
0.98631666666666662
0.98646666666666671
0.98651666666666671
0.98665000000000003
0.98668333333333336
0.98668333333333336
0.98680000000000001
0.98683333333333334
0.98685
0.9869
0.9869
0.98713333333333331
0.98721666666666663
0.98714999999999997
0.98721666666666663
0.98733333333333329
0.98743333333333339
0.98750000000000004
0.98750000000000004
0.98731666666666662
0.98763333333333336
0.98768333333333336
0.98783333333333334
0.98768333333333336
0.98780000000000001
0.98786666666666667
0.98798333333333332
0.98806666666666665
0.98793333333333333
0.98791666666666667
0.98828333333333329
0.98824999999999996
0.98816666666666664
0.98828333333333329
0.98843333333333339
0.98834999999999995
0.98848333333333338
0.98845000000000005
0.98853333333333337
0.98834999999999995
0.9886166666666667
0.9886166666666667
0.98871666666666669
0.98876666666666668
0.98865000000000003
0.98878333333333335
0.98886666666666667
0.98893333333333333
0.98886666666666667
0.98901666666666666
0.98893333333333333
0.98904999999999998
0.98886666666666667
0.98906666666666665
0.98908333333333331
0.98909999999999998
0.98921666666666663
0.9891833333333333
0.9892333333333333
0.98924999999999996
0.98929999999999996
0.98943333333333339
0.98943333333333339
0.98941666666666672
0.98939999999999995
0.98956666666666671
0.98955000000000004
0.9896166666666667
0.98968333333333336
0.98973333333333335
0.98975000000000002
0.98971666666666669
0.98973333333333335
0.9899
0.98993333333333333
0.98991666666666667
0.98995
0.98993333333333333
0.98996666666666666
0.98995
0.99008333333333332
0.99006666666666665
0.99011666666666664
0.99014999999999997
0.9901833333333333
0.9902333333333333
0.99021666666666663
0.99024999999999996
0.99036666666666662
0.99034999999999995
0.99041666666666661
0.99039999999999995
0.99041666666666661
0.99050000000000005
0.99048333333333338
0.99045000000000005
