0.59931666666666672
0.79296666666666671
0.81861666666666666
0.83066666666666666
0.84016666666666662
0.85548333333333337
0.92151666666666665
0.93156666666666665
0.93788333333333329
0.94331666666666669
0.94701666666666662
0.95030000000000003
0.95291666666666663
0.95489999999999997
0.95684999999999998
0.95901666666666663
0.9599833333333333
0.96125000000000005
0.96199999999999997
0.96333333333333337
0.96458333333333335
0.96563333333333334
0.96633333333333338
0.96718333333333328
0.96773333333333333
0.96850000000000003
0.96901666666666664
0.96978333333333333
0.97021666666666662
0.97048333333333336
0.97114999999999996
0.97138333333333338
0.9718
0.97231666666666672
0.97248333333333337
0.97281666666666666
0.97338333333333338
0.97365000000000002
0.9738
0.97423333333333328
0.97441666666666671
0.97484999999999999
0.97506666666666664
0.97533333333333339
0.97575000000000001
0.97603333333333331
0.9761333333333333
0.9765166666666667
0.9768
0.97714999999999996
0.97748333333333337
0.97763333333333335
0.97786666666666666
0.9781333333333333
0.97828333333333328
0.97866666666666668
0.97866666666666668
0.97914999999999996
0.97923333333333329
0.97940000000000005
0.97948333333333337
0.97986666666666666
0.97983333333333333
0.97999999999999998
0.98036666666666672
0.98050000000000004
0.98061666666666669
0.98088333333333333
0.98104999999999998
0.98088333333333333
0.98128333333333329
0.9815166666666667
0.98166666666666669
0.98183333333333334
0.98191666666666666
0.98204999999999998
0.98208333333333331
0.98238333333333339
0.98243333333333338
0.98258333333333336
0.98263333333333336
0.98293333333333333
0.98298333333333332
0.98316666666666663
0.98340000000000005
0.98338333333333339
0.98360000000000003
0.98351666666666671
0.98365000000000002
0.98386666666666667
0.98409999999999997
0.98411666666666664
0.98424999999999996
0.98424999999999996
0.98438333333333339
0.98441666666666672
0.98450000000000004
0.98448333333333338
0.98473333333333335
0.98475000000000001
0.98481666666666667
0.98494999999999999
0.98493333333333333
0.98506666666666665
0.98516666666666663
0.98526666666666662
0.98541666666666672
0.98546666666666671
0.9855666666666667
0.98565000000000003
0.9856166666666667
0.98576666666666668
0.98583333333333334
0.98591666666666666
0.98593333333333333
0.98614999999999997
0.98609999999999998
0.98614999999999997
0.98611666666666664
0.98636666666666661
0.98641666666666672
0.98648333333333338
0.98640000000000005
0.9866166666666667
0.98641666666666672
0.9866166666666667
0.98666666666666669
0.98665000000000003
0.98685
0.98696666666666666
0.98696666666666666
0.98683333333333334
0.98709999999999998
0.98714999999999997
0.9872333333333333
0.9872333333333333
0.98716666666666664
0.9871833333333333
0.98721666666666663
0.98728333333333329
0.98733333333333329
0.98743333333333339
0.98745000000000005
0.98746666666666671
0.98766666666666669
0.9875666666666667
0.98753333333333337
0.98775000000000002
0.98768333333333336
0.9879
0.98780000000000001
0.98766666666666669
0.98791666666666667
0.98799999999999999
0.98796666666666666
0.98813333333333331
0.98798333333333332
0.98824999999999996
0.98833333333333329
0.98834999999999995
0.98831666666666662
0.98843333333333339
0.98845000000000005
0.98834999999999995
0.98853333333333337
0.98860000000000003
0.98863333333333336
0.9885666666666667
0.98848333333333338
0.98876666666666668
0.98880000000000001
0.98870000000000002
0.98893333333333333
0.98891666666666667
0.98898333333333333
0.98899999999999999
0.98895
0.98908333333333331
0.98916666666666664
0.98908333333333331
0.98916666666666664
0.98908333333333331
0.98909999999999998
0.98926666666666663
0.98914999999999997
0.98924999999999996
0.98928333333333329
0.98939999999999995
0.98938333333333328
0.98933333333333329
0.98939999999999995
0.98950000000000005
0.98946666666666672
0.98953333333333338
0.98951666666666671
0.98950000000000005
0.98948333333333338
0.98955000000000004
0.9896166666666667
0.98960000000000004
