0.65385000000000004
0.86328333333333329
0.8928166666666667
0.90720000000000001
0.91664999999999996
0.92495000000000005
0.93068333333333331
0.93656666666666666
0.94111666666666671
0.94466666666666665
0.94768333333333332
0.95023333333333337
0.95236666666666669
0.95468333333333333
0.95626666666666671
0.95804999999999996
0.95974999999999999
0.96078333333333332
0.96199999999999997
0.9633666666666667
0.96438333333333337
0.96511666666666662
0.96566666666666667
0.96693333333333331
0.96750000000000003
0.96793333333333331
0.96888333333333332
0.96940000000000004
0.96981666666666666
0.97035000000000005
0.97124999999999995
0.97165000000000001
0.97193333333333332
0.97226666666666661
0.97283333333333333
0.97314999999999996
0.97353333333333336
0.97384999999999999
0.97419999999999995
0.9745166666666667
0.97484999999999999
0.97518333333333329
0.97561666666666669
0.97571666666666668
0.97586666666666666
0.97638333333333338
0.97666666666666668
0.97675000000000001
0.97706666666666664
0.97723333333333329
0.97746666666666671
0.97789999999999999
0.97789999999999999
0.97809999999999997
0.97853333333333337
0.97885
0.97899999999999998
0.9791333333333333
0.97919999999999996
0.97965000000000002
0.97955000000000003
0.97986666666666666
0.98003333333333331
0.98008333333333331
0.98035000000000005
0.98041666666666671
0.98060000000000003
0.98076666666666668
0.98114999999999997
0.9811833333333333
0.98128333333333329
0.98143333333333338
0.98161666666666669
0.98175000000000001
0.98196666666666665
0.98201666666666665
0.98206666666666664
0.98231666666666662
0.98240000000000005
0.98240000000000005
0.98250000000000004
0.98281666666666667
0.9829
0.98294999999999999
0.98321666666666663
0.98328333333333329
0.98328333333333329
0.98348333333333338
0.98363333333333336
0.98373333333333335
0.98385
0.98391666666666666
0.98396666666666666
0.98424999999999996
0.98419999999999996
0.98434999999999995
0.98428333333333329
0.98436666666666661
0.98476666666666668
0.98470000000000002
0.98498333333333332
0.98493333333333333
0.98506666666666665
0.98509999999999998
0.98531666666666662
0.98528333333333329
0.98548333333333338
0.98550000000000004
0.98540000000000005
0.98568333333333336
0.98580000000000001
0.98583333333333334
0.98598333333333332
0.98608333333333331
0.98624999999999996
0.98628333333333329
0.98616666666666664
0.98643333333333338
0.98633333333333328
0.98658333333333337
0.98665000000000003
0.98655000000000004
0.98666666666666669
0.98686666666666667
0.98663333333333336
0.98691666666666666
0.98685
0.98708333333333331
0.98696666666666666
0.98704999999999998
0.98714999999999997
0.98716666666666664
0.9872333333333333
0.98733333333333329
0.98733333333333329
0.98741666666666672
0.98750000000000004
0.98746666666666671
0.98748333333333338
0.9875666666666667
0.98763333333333336
0.98770000000000002
0.98775000000000002
0.98781666666666668
0.98776666666666668
0.98785000000000001
0.98796666666666666
0.98791666666666667
0.98801666666666665
0.98806666666666665
0.98811666666666664
0.98799999999999999
0.98796666666666666
0.98804999999999998
0.98804999999999998
0.9882333333333333
0.98819999999999997
0.98829999999999996
0.98833333333333329
0.9882333333333333
0.98841666666666672
0.98841666666666672
0.98839999999999995
0.9885666666666667
0.98841666666666672
0.98858333333333337
0.98863333333333336
0.98866666666666669
0.98885000000000001
0.98881666666666668
0.98888333333333334
0.98885000000000001
0.98893333333333333
0.98883333333333334
0.98885000000000001
0.98893333333333333
0.98896666666666666
0.98904999999999998
0.98911666666666664
0.98924999999999996
0.98916666666666664
0.9892333333333333
0.98924999999999996
0.98924999999999996
0.98929999999999996
0.98939999999999995
0.98938333333333328
0.98934999999999995
0.98936666666666662
0.98939999999999995
0.98946666666666672
0.98943333333333339
0.98970000000000002
0.98963333333333336
0.98966666666666669
0.98958333333333337
0.98968333333333336
0.98991666666666667
0.98986666666666667
0.98980000000000001
