0.64023333333333332
0.74376666666666669
0.77708333333333335
0.89808333333333334
0.92203333333333337
0.93230000000000002
0.94051666666666667
0.94601666666666662
0.94991666666666663
0.95316666666666672
0.95584999999999998
0.95871666666666666
0.95993333333333331
0.96193333333333331
0.96299999999999997
0.96446666666666669
0.96568333333333334
0.96609999999999996
0.96736666666666671
0.9680333333333333
0.9684666666666667
0.96955000000000002
0.97011666666666663
0.97101666666666664
0.97138333333333338
0.97204999999999997
0.97238333333333338
0.97289999999999999
0.97343333333333337
0.97370000000000001
0.97428333333333328
0.97466666666666668
0.97496666666666665
0.97541666666666671
0.97533333333333339
0.97624999999999995
0.97619999999999996
0.97614999999999996
0.97691666666666666
0.97726666666666662
0.97745000000000004
0.97773333333333334
0.97796666666666665
0.97788333333333333
0.97873333333333334
0.97861666666666669
0.97921666666666662
0.97929999999999995
0.97938333333333338
0.97966666666666669
0.97993333333333332
0.98009999999999997
0.98023333333333329
0.98046666666666671
0.98048333333333337
0.98085
0.98086666666666666
0.98103333333333331
0.98116666666666663
0.98150000000000004
0.98133333333333328
0.98173333333333335
0.9819
0.98203333333333331
0.9821333333333333
0.98240000000000005
0.9825666666666667
0.98276666666666668
0.98294999999999999
0.98299999999999998
0.98328333333333329
0.98309999999999997
0.9835666666666667
0.98363333333333336
0.98375000000000001
0.98394999999999999
0.98383333333333334
0.9841333333333333
0.9841333333333333
0.98426666666666662
0.98446666666666671
0.98468333333333335
0.98476666666666668
0.98488333333333333
0.98504999999999998
0.98486666666666667
0.98524999999999996
0.98528333333333329
0.98538333333333339
0.98543333333333338
0.98555000000000004
0.98558333333333337
0.98568333333333336
0.98570000000000002
0.98578333333333334
0.98599999999999999
0.98603333333333332
0.98609999999999998
0.98594999999999999
0.98614999999999997
0.98636666666666661
0.98640000000000005
0.98653333333333337
0.98660000000000003
0.9866166666666667
0.98671666666666669
0.98686666666666667
0.98670000000000002
0.9869
0.98696666666666666
0.98698333333333332
0.98704999999999998
0.98724999999999996
0.98719999999999997
0.98713333333333331
0.98729999999999996
0.9872333333333333
0.98714999999999997
0.98743333333333339
0.98738333333333328
0.98738333333333328
0.98763333333333336
0.9875666666666667
0.98758333333333337
0.98768333333333336
0.98771666666666669
0.98776666666666668
0.98770000000000002
0.98796666666666666
0.98785000000000001
0.98801666666666665
0.98794999999999999
0.98811666666666664
0.98816666666666664
0.98821666666666663
0.98824999999999996
0.98819999999999997
0.98833333333333329
0.98831666666666662
0.98845000000000005
0.98850000000000005
0.98846666666666672
0.98858333333333337
0.98850000000000005
0.98850000000000005
0.9886166666666667
0.98876666666666668
0.98876666666666668
0.98875000000000002
0.98876666666666668
0.98888333333333334
0.98895
0.98896666666666666
0.98895
0.98909999999999998
0.98911666666666664
0.98913333333333331
0.98919999999999997
0.98924999999999996
0.98906666666666665
0.9891833333333333
0.9891833333333333
0.98913333333333331
0.98933333333333329
0.98950000000000005
0.98943333333333339
0.98946666666666672
0.98956666666666671
0.98955000000000004
0.98963333333333336
0.98965000000000003
0.98960000000000004
0.98968333333333336
0.98953333333333338
0.98966666666666669
0.98986666666666667
0.98966666666666669
0.98971666666666669
0.98978333333333335
0.98975000000000002
0.98980000000000001
0.98988333333333334
0.98985000000000001
0.98991666666666667
0.98996666666666666
0.98978333333333335
0.98991666666666667
0.98995
0.99006666666666665
0.99001666666666666
0.99006666666666665
0.99024999999999996
0.99028333333333329
0.99019999999999997
0.99019999999999997
0.99033333333333329
0.99043333333333339
0.99055000000000004
0.99034999999999995
0.99036666666666662
