0.915316641330719
0.9403166770935059
0.9519833326339722
0.9592833518981934
0.9641333222389221
0.9680666923522949
0.9705666899681091
0.9727500081062317
0.9745500087738037
0.975933313369751
0.9767833352088928
0.9779499769210815
0.9789166450500488
0.9797166585922241
0.9812999963760376
0.9813833236694336
0.9825000166893005
0.9828000068664551
0.9831166863441467
0.9840166568756104
0.984083354473114
0.9840499758720398
0.9850166440010071
0.9852499961853027
0.985450029373169
0.9860666394233704
0.9860833287239075
0.9859833121299744
0.986466646194458
0.9869333505630493
0.9869333505630493
0.9868166446685791
0.9872333407402039
0.98785001039505
0.9877833127975464
0.9878333210945129
0.988349974155426
0.9884666800498962
0.9885500073432922
0.9887333512306213
0.9887333512306213
0.9890000224113464
0.989216685295105
0.9891166687011719
0.9886333346366882
0.9895833134651184
0.9897500276565552
0.9897500276565552
0.9899500012397766
0.9901166558265686
0.9902499914169312
0.9905999898910522
0.9905499815940857
0.9907666444778442
0.9908333420753479
0.9908833503723145
0.9908999800682068
0.990933358669281
0.9911166429519653
0.9910666942596436
0.9910666942596436
0.9912999868392944
0.9914666414260864
0.9918500185012817
0.9920166730880737
0.9913333058357239
0.9917833209037781
0.9922999739646912
0.9918166399002075
0.9920833110809326
0.9920499920845032
0.9921500086784363
0.9920166730880737
0.9925666451454163
0.992816686630249
0.992733359336853
0.9928833246231079
0.9930999875068665
0.9928500056266785
0.9928833246231079
0.992900013923645
0.9931833148002625
0.992983341217041
0.9933500289916992
0.9932666420936584
0.9933333396911621
0.9933833479881287
0.9933333396911621
0.9934499859809875
0.9933500289916992
0.9937166571617126
0.9936666488647461
0.9936833381652832
0.9936333298683167
0.9937499761581421
0.9939000010490417
0.9938166737556458
0.9937666654586792
0.9939500093460083
0.9940666556358337
0.9940500259399414
0.9940166473388672
0.9940833449363708
0.9940000176429749
0.994183361530304
0.9941666722297668
0.9946333169937134
0.994183361530304
0.9943666458129883
0.9943833351135254
0.9945999979972839
0.9945166707038879
0.9944999814033508
0.9947999715805054
0.9947333335876465
0.994533360004425
0.9945666790008545
0.9948499798774719
0.9948166608810425
0.9948166608810425
0.9947666525840759
0.9951666593551636
0.9950833320617676
0.9950166940689087
0.9949833154678345
0.9952166676521301
0.9950833320617676
0.9951833486557007
0.9954666495323181
0.9953500032424927
0.9954166412353516
0.9952666759490967
0.9953166842460632
0.9953833222389221
0.9955166578292847
0.9957333207130432
0.9955999851226807
0.9957000017166138
0.9957166910171509
0.9958500266075134
0.9958500266075134
0.9957666397094727
0.9956333041191101
0.9958500266075134
0.9959499835968018
0.9958166480064392
0.9962499737739563
0.9959166646003723
0.9959166646003723
0.996150016784668
0.9960333108901978
0.9961666464805603
0.9960500001907349
0.9961666464805603
0.9964166879653931
0.9964333176612854
0.996399998664856
0.9963333606719971
0.9964333176612854
0.9963666796684265
0.9964500069618225
0.9965166449546814
0.9967166781425476
0.9963333606719971
0.9967166781425476
0.9964666962623596
0.996483325958252
0.9965833425521851
0.996749997138977
0.9966333508491516
0.9966333508491516
0.9968666434288025
0.996833324432373
0.9966333508491516
0.9965500235557556
0.996999979019165
0.996916651725769
0.9969000220298767
0.9967833161354065
0.996566653251648
0.9969666600227356
0.9968000054359436
0.9970166683197021
0.9969499707221985
0.9968500137329102
0.9969499707221985
0.9970499873161316
0.996999979019165
0.9970999956130981
0.9972333312034607
0.9971500039100647
0.9969333410263062
0.9971166849136353
0.9972166419029236
0.9972333312034607
0.9974833130836487
0.9972000122070312
0.9972333312034607
0.9972333312034607
0.9972333312034607