0.9210833311080933
0.9448000192642212
0.9555666446685791
0.9612833261489868
0.965666651725769
0.9690166711807251
0.9703500270843506
0.9725333452224731
0.9742666482925415
0.975350022315979
0.9764833450317383
0.9773499965667725
0.9785500168800354
0.9784333109855652
0.9793999791145325
0.9805999994277954
0.9813500046730042
0.9818333387374878
0.9824833273887634
0.982366681098938
0.9827666878700256
0.9837166666984558
0.9840333461761475
0.9837833046913147
0.9842000007629395
0.9846500158309937
0.9850166440010071
0.9858499765396118
0.9856500029563904
0.9863166809082031
0.986549973487854
0.9867500066757202
0.9869333505630493
0.9872833490371704
0.9872166514396667
0.9875666499137878
0.9878000020980835
0.9880499839782715
0.9882333278656006
0.9883166551589966
0.9885666370391846
0.9884499907493591
0.9887166619300842
0.9887833595275879
0.9889500141143799
0.9892500042915344
0.9889333248138428
0.9893333315849304
0.9890166521072388
0.9895333051681519
0.9898666739463806
0.9897666573524475
0.989983320236206
0.989883303642273
0.9901999831199646
0.9899500012397766
0.9904666543006897
0.9906166791915894
0.9907500147819519
0.9906333088874817
0.9907333254814148
0.9908499717712402
0.9907000064849854
0.9908833503723145
0.9910666942596436
0.991266667842865
0.991183340549469
0.9910833239555359
0.9908499717712402
0.991266667842865
0.9913166761398315
0.9915500283241272
0.9914000034332275
0.9915833473205566
0.9914833307266235
0.9916499853134155
0.9919166564941406
0.9920499920845032
0.9918833374977112
0.9919833540916443
0.9919333457946777
0.9920666813850403
0.9923166632652283
0.9922333359718323
0.9921833276748657
0.9922000169754028
0.9921666383743286
0.9922833442687988
0.9926000237464905
0.9923666715621948
0.9922000169754028
0.9927166700363159
0.9926000237464905
0.9926000237464905
0.9927499890327454
0.9925000071525574
0.9927499890327454
0.9927666783332825
0.9929500222206116
0.9931666851043701
0.993066668510437
0.993233323097229
0.9934499859809875
0.9933666586875916
0.9932166934013367
0.9933666586875916
0.9934666752815247
0.9933833479881287
0.9934499859809875
0.9936833381652832
0.9937000274658203
0.9936000108718872
0.9936666488647461
0.9937499761581421
0.9939666390419006
0.9936000108718872
0.9937333464622498
0.9936500191688538
0.9940999746322632
0.9940666556358337
0.9941333532333374
0.9942333102226257
0.9942166805267334
0.994183361530304
0.9940833449363708
0.9942166805267334
0.9940833449363708
0.9944499731063843
0.9942499995231628
0.9944999814033508
0.9943833351135254
0.9945166707038879
0.9945999979972839
0.9945166707038879
0.9946833252906799
0.9943666458129883
0.9947500228881836
0.994700014591217
0.994783341884613
0.9949333071708679
0.9950166940689087
0.9949666857719421
0.9945166707038879
0.9947500228881836
0.9950833320617676
0.9948833584785461
0.9951833486557007
0.9952499866485596
0.9951333403587341
0.995283305644989
0.9951833486557007
0.9952499866485596
0.9954000115394592
0.9954333305358887
0.9951500296592712
0.9954833388328552
0.9954333305358887
0.9955833554267883
0.9954000115394592
0.9953333139419556
0.9956166744232178
0.9955000281333923
0.9956833124160767
0.9956666827201843
0.9957666397094727
0.9955166578292847
0.9957000017166138
0.9957000017166138
0.9958833456039429
0.9959499835968018
0.9959999918937683
0.9958500266075134
0.9953833222389221
0.9960333108901978
0.9961166381835938
0.9958166480064392
0.9960166811943054
0.996233344078064
0.9959333539009094
0.9959999918937683
0.996066689491272
0.9958999752998352
0.996150016784668
0.9963666796684265
0.9962999820709229
0.9963333606719971
0.9962000250816345
0.9962499737739563
0.9963333606719971
0.9962166547775269
0.9963499903678894
0.9963499903678894
0.9959499835968018
0.9963333606719971
0.996566653251648
0.996566653251648
0.9965500235557556
0.9962000250816345
0.9965500235557556
0.9967166781425476