0.9149333238601685
0.9406833052635193
0.9527000188827515
0.9603000283241272
0.964983344078064
0.9676333069801331
0.9712499976158142
0.9733166694641113
0.9744833111763
0.9765833616256714
0.977483332157135
0.9787333607673645
0.9795500040054321
0.9805999994277954
0.981416642665863
0.981416642665863
0.9823499917984009
0.9830999970436096
0.9830166697502136
0.984083354473114
0.9843999743461609
0.9848499894142151
0.9853500127792358
0.9848333597183228
0.9860666394233704
0.9861000180244446
0.9863499999046326
0.9866333603858948
0.9868999719619751
0.987333357334137
0.9873499870300293
0.9874833226203918
0.9876999855041504
0.9878833293914795
0.9881500005722046
0.9884833097457886
0.9882166385650635
0.9883166551589966
0.9887999892234802
0.9889833331108093
0.9888333082199097
0.9892500042915344
0.989300012588501
0.9895166754722595
0.989799976348877
0.989799976348877
0.9899333119392395
0.9901833534240723
0.9903500080108643
0.9904999732971191
0.9904166460037231
0.9907000064849854
0.9904500246047974
0.9907500147819519
0.9909833073616028
0.9911500215530396
0.9914666414260864
0.9911333322525024
0.9915666580200195
0.991433322429657
0.9917833209037781
0.9916999936103821
0.991599977016449
0.9917666912078857
0.9919666647911072
0.9918500185012817
0.9922666549682617
0.9920166730880737
0.9920499920845032
0.9922500252723694
0.9924833178520203
0.9924166798591614
0.9923666715621948
0.9926666617393494
0.9926000237464905
0.9926833510398865
0.9925500154495239
0.9922333359718323
0.9930499792098999
0.9928666949272156
0.9929500222206116
0.9929999709129333
0.993149995803833
0.9931833148002625
0.9934166669845581
0.9928333163261414
0.993399977684021
0.993233323097229
0.9935833215713501
0.9935333132743835
0.9934999942779541
0.9936833381652832
0.9935666918754578
0.9937666654586792
0.9939000010490417
0.9938666820526123
0.9934999942779541
0.9941666722297668
0.9938833117485046
0.9942499995231628
0.9935833215713501
0.9939666390419006
0.9942333102226257
0.9942833185195923
0.9943000078201294
0.9942499995231628
0.9944666624069214
0.9944166541099548
0.9944666624069214
0.9945166707038879
0.9946666955947876
0.9942166805267334
0.9947999715805054
0.9948833584785461
0.9943833351135254
0.9948499798774719
0.9947999715805054
0.9949833154678345
0.995033323764801
0.995116651058197
0.9950500130653381
0.9952166676521301
0.995033323764801
0.9952333569526672
0.9953333139419556
0.9951000213623047
0.9953666925430298
0.9953500032424927
0.995283305644989
0.9955000281333923
0.9953333139419556
0.9952333569526672
0.9955166578292847
0.9952499866485596
0.9956333041191101
0.9957666397094727
0.9954500198364258
0.9956499934196472
0.9958333373069763
0.9957500100135803
0.9957500100135803
0.9957166910171509
0.9957833290100098
0.9958666563034058
0.9957833290100098
0.9959999918937683
0.9960333108901978
0.9960333108901978
0.9961166381835938
0.9961833357810974
0.996150016784668
0.996066689491272
0.9961333274841309
0.9962000250816345
0.9961833357810974
0.9963833093643188
0.9962999820709229
0.9963833093643188
0.9960500001907349
0.996066689491272
0.9961166381835938
0.9964500069618225
0.996483325958252
0.9964666962623596
0.9963833093643188
0.9962999820709229
0.9966333508491516
0.996666669845581
0.996566653251648
0.9968000054359436
0.9968500137329102
0.9967333078384399
0.9970333576202393
0.995983362197876
0.9968166947364807
0.9969499707221985
0.9969666600227356
0.996916651725769
0.996666669845581
0.9970499873161316
0.9969000220298767
0.997083306312561
0.9969333410263062
0.9969000220298767
0.9972333312034607
0.9969333410263062
0.9971500039100647
0.9973499774932861
0.9970999956130981
0.9973333477973938
0.9972166419029236
0.9973499774932861
0.9972500205039978
0.9973999857902527
0.9972833395004272
0.9974666833877563
0.9974499940872192
0.9973499774932861
0.9974166750907898
0.9974833130836487