0.9103500247001648
0.9416166543960571
0.9539333581924438
0.9602833390235901
0.9656500220298767
0.9688500165939331
0.9717333316802979
0.9740666747093201
0.9758166670799255
0.9770500063896179
0.9781666398048401
0.979283332824707
0.980400025844574
0.9809499979019165
0.9819166660308838
0.9829166531562805
0.9829166531562805
0.9835666418075562
0.9840666651725769
0.9848499894142151
0.9851499795913696
0.9854833483695984
0.9856500029563904
0.9857666492462158
0.9858666658401489
0.9866166710853577
0.9868999719619751
0.9872333407402039
0.9874833226203918
0.987666666507721
0.9884166717529297
0.9884833097457886
0.9883833527565002
0.9887833595275879
0.9888833165168762
0.9893166422843933
0.9890000224113464
0.9894333481788635
0.9897500276565552
0.9897000193595886
0.9897666573524475
0.9902499914169312
0.9902499914169312
0.9904999732971191
0.9906166791915894
0.9906333088874817
0.9905666708946228
0.9908999800682068
0.9908999800682068
0.9909999966621399
0.9912166595458984
0.991016685962677
0.9913833141326904
0.9908000230789185
0.9913333058357239
0.9912333488464355
0.9913333058357239
0.9918333292007446
0.9916999936103821
0.991683304309845
0.9917166829109192
0.9920333623886108
0.9922500252723694
0.9921500086784363
0.9921333193778992
0.9922000169754028
0.9922333359718323
0.9923833608627319
0.9924666881561279
0.9926000237464905
0.9925333261489868
0.9927666783332825
0.9926499724388123
0.9928500056266785
0.9925666451454163
0.9930833578109741
0.992816686630249
0.9928833246231079
0.993066668510437
0.993066668510437
0.9933500289916992
0.993483304977417
0.9935166835784912
0.9933666586875916
0.9936666488647461
0.9934166669845581
0.9936000108718872
0.9936000108718872
0.9938166737556458
0.9936500191688538
0.9936166405677795
0.9938499927520752
0.9938666820526123
0.9939000010490417
0.9940166473388672
0.9940999746322632
0.9941333532333374
0.9940833449363708
0.9943333268165588
0.994350016117096
0.9942166805267334
0.9940666556358337
0.9940500259399414
0.9941166639328003
0.9943833351135254
0.9942333102226257
0.9946333169937134
0.9945499897003174
0.9944833517074585
0.9949333071708679
0.9946833252906799
0.9945499897003174
0.994783341884613
0.9947333335876465
0.994616687297821
0.994866669178009
0.994949996471405
0.9948166608810425
0.9947333335876465
0.9947500228881836
0.9946833252906799
0.9949666857719421
0.9951833486557007
0.9953500032424927
0.9954666495323181
0.9953166842460632
0.9953500032424927
0.995283305644989
0.9955499768257141
0.9954833388328552
0.9955666661262512
0.995199978351593
0.9955166578292847
0.9954333305358887
0.9952333569526672
0.9955166578292847
0.9958333373069763
0.9957333207130432
0.9957166910171509
0.9958333373069763
0.9958833456039429
0.9953833222389221
0.9957833290100098
0.9953666925430298
0.9958833456039429
0.9958999752998352
0.9957833290100098
0.9962000250816345
0.9959999918937683
0.9960333108901978
0.9960833191871643
0.9959999918937683
0.9961666464805603
0.9962166547775269
0.9962499737739563
0.99631667137146
0.9955666661262512
0.99631667137146
0.9964333176612854
0.9962833523750305
0.9964666962623596
0.9965833425521851
0.9962166547775269
0.9963666796684265
0.9964166879653931
0.9967166781425476
0.9966833591461182
0.9968000054359436
0.9967333078384399
0.9964333176612854
0.9967333078384399
0.9966999888420105
0.9967666864395142
0.9969333410263062
0.9965333342552185
0.9968666434288025
0.9968833327293396
0.9965000152587891
0.9969666600227356
0.9969833493232727
0.9969499707221985
0.9970499873161316
0.997083306312561
0.9968500137329102
0.9970666766166687
0.9972500205039978
0.9971333146095276
0.9972666501998901
0.9972333312034607
0.996916651725769
0.9971333146095276
0.9971833229064941
0.9973000288009644
0.9973999857902527
0.9972000122070312
0.9973333477973938
0.9972000122070312
0.9973833560943604
0.9973833560943604
0.9973499774932861