0.9049833416938782
0.93545001745224
0.949566662311554
0.956516683101654
0.9631999731063843
0.9666833281517029
0.9696333408355713
0.972083330154419
0.9737499952316284
0.9749500155448914
0.9765999913215637
0.9775500297546387
0.9784833192825317
0.9793000221252441
0.9800166487693787
0.9807000160217285
0.9815000295639038
0.9821833372116089
0.9826333522796631
0.9828000068664551
0.9835500121116638
0.9841499924659729
0.9846333265304565
0.9850166440010071
0.9850000143051147
0.9852666854858398
0.9857166409492493
0.9859333038330078
0.9863499999046326
0.986050009727478
0.986549973487854
0.986549973487854
0.9870333075523376
0.9871500134468079
0.9874833226203918
0.987416684627533
0.9876999855041504
0.9879999756813049
0.988016664981842
0.9882833361625671
0.9884833097457886
0.9884999990463257
0.9885500073432922
0.9886833429336548
0.9886500239372253
0.9890499711036682
0.9891833066940308
0.9893333315849304
0.9893500208854675
0.9894166588783264
0.9895333051681519
0.9898666739463806
0.9898999929428101
0.990149974822998
0.9901333451271057
0.9903666377067566
0.9903333187103271
0.9905666708946228
0.9906333088874817
0.9906333088874817
0.9906833171844482
0.9909499883651733
0.9909666776657104
0.9908666610717773
0.9910833239555359
0.991266667842865
0.9914000034332275
0.991433322429657
0.9917666912078857
0.9919000267982483
0.9919833540916443
0.9918500185012817
0.9920166730880737
0.9920333623886108
0.9919499754905701
0.9918833374977112
0.9923499822616577
0.9922666549682617
0.9925000071525574
0.9925333261489868
0.9925166964530945
0.9927666783332825
0.9925500154495239
0.9928500056266785
0.9927499890327454
0.9928333163261414
0.992983341217041
0.9929999709129333
0.9929166436195374
0.993066668510437
0.9930499792098999
0.9932833313941956
0.9932500123977661
0.993483304977417
0.9934999942779541
0.9934333562850952
0.9935833215713501
0.993399977684021
0.9934499859809875
0.9936500191688538
0.9935666918754578
0.9938833117485046
0.9937333464622498
0.9936500191688538
0.9941499829292297
0.9937000274658203
0.9940500259399414
0.9940500259399414
0.9941333532333374
0.9942333102226257
0.9941999912261963
0.994183361530304
0.9941333532333374
0.9943833351135254
0.9945833086967468
0.9945999979972839
0.9944000244140625
0.994350016117096
0.9945666790008545
0.9946333169937134
0.994533360004425
0.9948999881744385
0.9947999715805054
0.994700014591217
0.994949996471405
0.995116651058197
0.9945833086967468
0.9950166940689087
0.9950666427612305
0.9950166940689087
0.995116651058197
0.9954333305358887
0.9952666759490967
0.9954166412353516
0.995283305644989
0.9954666495323181
0.9955499768257141
0.9954833388328552
0.9955833554267883
0.9953666925430298
0.9953833222389221
0.9955666661262512
0.9955333471298218
0.9954833388328552
0.9955166578292847
0.9955000281333923
0.9956833124160767
0.9952499866485596
0.9957166910171509
0.9958166480064392
0.995983362197876
0.9959666728973389
0.9959166646003723
0.9959999918937683
0.9958666563034058
0.9959666728973389
0.9960166811943054
0.995983362197876
0.9962000250816345
0.9961000084877014
0.9963499903678894
0.9959499835968018
0.9962166547775269
0.9964166879653931
0.996066689491272
0.9962999820709229
0.9960500001907349
0.9961333274841309
0.996399998664856
0.9957500100135803
0.9964500069618225
0.9963333606719971
0.9960333108901978
0.9961166381835938
0.996566653251648
0.9965166449546814
0.9965833425521851
0.996666669845581
0.9965999722480774
0.9967333078384399
0.9965833425521851
0.996649980545044
0.9965333342552185
0.9968166947364807
0.9967166781425476
0.9966833591461182
0.9968666434288025
0.996833324432373
0.996649980545044
0.9967833161354065
0.9967833161354065
0.996916651725769
0.996999979019165
0.9968000054359436
0.9967833161354065
0.9967333078384399
0.996833324432373
0.9969000220298767
0.9969833493232727
0.9968833327293396