0.5838400000190734
0.6822400000381470
0.7798600000381469
0.7614400000572205
0.7626599999809265
0.8408999999809265
0.8640799999809265
0.9160800000000000
0.8853400000000000
0.9326800000000000
0.9572600000190735
0.9451200000000000
0.9646200000000000
0.9733600000572205
0.9632399999809265
0.9719800000000000
0.9791600000190734
0.9783400000000000
0.9870200000572205
0.9770200000000000
0.9821200000190735
0.9919000000572205
0.9920800000000000
0.9932200000000000
0.9880600000572205
0.9833600000000000
0.9924000000190735
0.9926800000381469
0.9954600000000000
0.9955800000572205
0.9982800000381470
0.9968800000381469
0.9950000000381469
0.9967000000190734
0.9864800000381470
0.9937800000000000
0.9942800000190735
0.9989600000381470
0.9991400000572205
0.9996000000572205
0.9996200000572204
0.9996200000572204
0.9996200000572204
0.9996200000572204
0.9996200000572204
0.9996200000572204
0.9996400000572204
0.9996400000572204
0.9996400000572204
0.9996400000572204
0.9996400000572204
0.9996400000572204
0.9996400000572204
0.9996400000572204
0.9996400000572204
0.9996400000572204
0.9996400000572204
0.9996400000572204
0.9996400000572204
0.9996400000572204
0.9996400000572204
0.9996400000572204
0.9996400000572204
0.9996400000572204
0.9996400000572204
0.9996400000572204
0.9996400000572204
0.9996400000572204
0.9996400000572204
0.9996400000572204
0.9996400000572204
0.9996400000572204
0.9996400000572204
0.9996400000572204
0.9996400000572204
0.9996400000572204
0.9996400000572204
0.9996400000572204
0.9996400000572204
0.9996400000572204
0.9996400000572204
0.9996400000572204
0.9996400000572204
0.9996400000572204
0.9996400000572204
0.9996400000572204
0.9996400000572204
0.9996400000572204
0.9996400000572204
0.9996400000572204
0.9996400000572204
0.9996400000572204
0.9996400000572204
0.9996400000572204
0.9996400000572204
0.9996400000572204
0.9996400000572204
0.9996400000572204
0.9996400000572204
0.9996400000572204
0.9996400000572204
0.9996400000572204
0.9996400000572204
0.9996400000572204
0.9996400000572204
0.9996400000572204
0.9996400000572204
0.9996400000572204
0.9996400000572204
0.9996400000572204
0.9996400000572204
0.9996400000572204
0.9996400000572204
0.9996400000572204
0.9996400000572204
0.9996400000572204
0.9996400000572204
0.9996400000572204
0.9996400000572204
0.9996400000572204
0.9996400000572204
0.9996400000572204
0.9996400000572204
0.9996400000572204
0.9996400000572204
0.9996400000572204
0.9996400000572204
0.9996400000572204
0.9996400000572204
0.9996400000572204
0.9996400000572204
0.9996400000572204
0.9996400000572204
0.9996400000572204
0.9996400000572204
0.9996400000572204
0.9996400000572204
0.9996400000572204
0.9996400000572204
0.9996400000572204
0.9996400000572204
0.9996400000572204
0.9996400000572204
0.9996400000572204
0.9996400000572204
0.9996400000572204
0.9996400000572204
0.9996400000572204
0.9996400000572204
0.9996400000572204
0.9996400000572204
0.9996400000572204
0.9996400000572204
0.9996400000572204
0.9996400000572204
0.9996400000572204
0.9996400000572204
0.9996400000572204
0.9996400000572204
0.9996400000572204
0.9996400000572204
0.9996400000572204
0.9996400000572204
0.9996400000572204
0.9996400000572204
0.9996400000572204
0.9996400000572204
0.9996400000572204
0.9996400000572204
0.9996400000572204
0.9996400000572204
0.9996400000572204
0.9996400000572204
0.9996400000572204
0.9996400000572204
0.9996400000572204
0.9996400000572204
0.9996400000572204
0.9996400000572204
0.9996400000572204
0.9996400000572204
0.9996400000572204
0.9996400000572204
0.9996400000572204
0.9996400000572204
0.9996400000572204
0.9996400000572204
0.9996400000572204
0.9996400000572204
0.9996400000572204
0.9996400000572204
0.9996400000572204
0.9996400000572204
0.9996400000572204
0.9996400000572204
0.9996400000572204
0.9996400000572204
0.9996400000572204
0.9996400000572204
0.9996400000572204
