0.6414000000190735
0.7256000000190734
0.7673400000381470
0.8370400000000000
0.8452800000381470
0.8841199999809265
0.8997000000190735
0.9164999999809265
0.9258200000000000
0.9305400000190734
0.9413999999809265
0.9425999999809265
0.9477200000000000
0.9479600000572205
0.9712000000000000
0.9751799999809265
0.9558600000000000
0.9811199999809265
0.9810800000381470
0.9721200000000000
0.9850600000000000
0.9911800000381470
0.9867800000572204
0.9931600000190735
0.9939800000381470
0.9876400000000000
0.9865200000000000
0.9954600000572205
0.9890800000000000
0.9825800000190735
0.9874200000572204
0.9967200000190735
0.9957399999809265
0.9855400000190735
0.9932400000572205
0.9952000000381470
0.9955199999809266
0.9971000000190735
0.9983600000572205
0.9954999999809265
0.9951199999809265
0.9973600000572205
0.9971800000572204
0.9959800000381470
0.9934800000381470
0.9987000000000000
0.9995999999809265
0.9996800000572205
0.9996800000572205
0.9996800000572205
0.9997000000572205
0.9997000000572205
0.9997000000572205
0.9997000000572205
0.9997200000572205
0.9997200000572205
0.9997400000572204
0.9997400000572204
0.9997400000572204
0.9997400000572204
0.9997400000572204
0.9997400000572204
0.9997400000572204
0.9997400000572204
0.9997400000572204
0.9997400000572204
0.9997400000572204
0.9997400000572204
0.9997400000572204
0.9997400000572204
0.9997400000572204
0.9997400000572204
0.9997400000572204
0.9997400000572204
0.9997400000572204
0.9997400000572204
0.9997400000572204
0.9997400000572204
0.9997400000572204
0.9997400000572204
0.9997400000572204
0.9997400000572204
0.9997400000572204
0.9997400000572204
0.9997400000572204
0.9997400000572204
0.9997400000572204
0.9997400000572204
0.9997400000572204
0.9997400000572204
0.9997400000572204
0.9997400000572204
0.9997400000572204
0.9997400000572204
0.9997400000572204
0.9997400000572204
0.9997400000572204
0.9997400000572204
0.9997400000572204
0.9997400000572204
0.9997400000572204
0.9997400000572204
0.9997400000572204
0.9997400000572204
0.9997400000572204
0.9997400000572204
0.9997400000572204
0.9997400000572204
0.9997400000572204
0.9997400000572204
0.9997400000572204
0.9997400000572204
0.9997400000572204
0.9997400000572204
0.9997400000572204
0.9997400000572204
0.9997400000572204
0.9997400000572204
0.9997400000572204
0.9997400000572204
0.9997400000572204
0.9997400000572204
0.9997400000572204
0.9997400000572204
0.9997400000572204
0.9997400000572204
0.9997400000572204
0.9997400000572204
0.9997400000572204
0.9997400000572204
0.9997400000572204
0.9997400000572204
0.9997400000572204
0.9997400000572204
0.9997400000572204
0.9997400000572204
0.9997400000572204
0.9997400000572204
0.9997400000572204
0.9997400000572204
0.9997400000572204
0.9997400000572204
0.9997400000572204
0.9997400000572204
0.9997400000572204
0.9997400000572204
0.9997400000572204
0.9997400000572204
0.9997400000572204
0.9997400000572204
0.9997400000572204
0.9997400000572204
0.9997400000572204
0.9997400000572204
0.9997400000572204
0.9997400000572204
0.9997400000572204
0.9997400000572204
0.9997400000572204
0.9997400000572204
0.9997400000572204
0.9997400000572204
0.9997400000572204
0.9997400000572204
0.9997400000572204
0.9997400000572204
0.9997400000572204
0.9997400000572204
0.9997400000572204
0.9997400000572204
0.9997400000572204
0.9997400000572204
0.9997400000572204
0.9997400000572204
0.9997400000572204
0.9997400000572204
0.9997400000572204
0.9997400000572204
0.9997400000572204
0.9997400000572204
0.9997400000572204
0.9997400000572204
0.9997400000572204
0.9997400000572204
0.9997400000572204
0.9997400000572204
0.9997400000572204
0.9997400000572204
0.9997400000572204
0.9997400000572204
0.9997400000572204
0.9997400000572204
0.9997400000572204
0.9997400000572204
0.9997400000572204
0.9997400000572204
0.9997400000572204
0.9997400000572204
0.9997400000572204
0.9997400000572204
