0.6232400000572205
0.7283999999809265
0.7468800000000000
0.8478200000190735
0.8126200000000000
0.8416000000000000
0.8807400000190735
0.8780600000381470
0.9182599999809266
0.9356400000572205
0.9488200000000000
0.9688399999809265
0.9569800000000001
0.9661000000000000
0.9741800000000000
0.9725400000000000
0.9687400000190735
0.9556599999809265
0.9885200000572204
0.9779200000190735
0.9813200000190735
0.9877600000572204
0.9901200000381469
0.9902999999809265
0.9932199999809265
0.9900800000572204
0.9590800000381470
0.9938400000190735
0.9950600000572205
0.9972400000000000
0.9892800000190735
0.9953400000190735
0.9966200000381470
0.9812199999809265
0.9961199999809265
0.9975200000000000
0.9986800000000000
0.9969800000000000
0.9799000000381469
0.9908400000190735
0.9950400000381470
0.9941600000000000
0.9964400000381469
0.9972399999809265
0.9986800000000000
0.9990999999809265
0.9996599999809265
0.9996800000572205
0.9997000000572205
0.9997000000572205
0.9997000000572205
0.9997000000572205
0.9997000000572205
0.9997000000572205
0.9997000000572205
0.9997200000572205
0.9997200000572205
0.9997200000572205
0.9997200000572205
0.9997200000572205
0.9997200000572205
0.9997200000572205
0.9997400000572204
0.9997400000572204
0.9997200000572205
0.9997200000572205
0.9997200000572205
0.9997200000572205
0.9997200000572205
0.9997200000572205
0.9997400000572204
0.9997200000572205
0.9997400000572204
0.9997400000572204
0.9997400000572204
0.9997400000572204
0.9997400000572204
0.9997400000572204
0.9997400000572204
0.9997400000572204
0.9997400000572204
0.9997400000572204
0.9997400000572204
0.9997400000572204
0.9997400000572204
0.9997400000572204
0.9997400000572204
0.9997400000572204
0.9997400000572204
0.9997400000572204
0.9997400000572204
0.9997400000572204
0.9997400000572204
0.9997400000572204
0.9997400000572204
0.9997400000572204
0.9997400000572204
0.9997400000572204
0.9997400000572204
0.9997400000572204
0.9997400000572204
0.9997400000572204
0.9997400000572204
0.9997400000572204
0.9997400000572204
0.9997400000572204
0.9997400000572204
0.9997400000572204
0.9997400000572204
0.9997400000572204
0.9997400000572204
0.9997400000572204
0.9997400000572204
0.9997400000572204
0.9997400000572204
0.9997400000572204
0.9997400000572204
0.9997400000572204
0.9997400000572204
0.9997400000572204
0.9997400000572204
0.9997400000572204
0.9997400000572204
0.9997400000572204
0.9997400000572204
0.9997400000572204
0.9997400000572204
0.9997400000572204
0.9997400000572204
0.9997400000572204
0.9997400000572204
0.9997400000572204
0.9997400000572204
0.9997400000572204
0.9997400000572204
0.9997400000572204
0.9997400000572204
0.9997400000572204
0.9997400000572204
0.9997400000572204
0.9997400000572204
0.9997400000572204
0.9997400000572204
0.9997400000572204
0.9997400000572204
0.9997400000572204
0.9997400000572204
0.9997400000572204
0.9997400000572204
0.9997400000572204
0.9997400000572204
0.9997400000572204
0.9997400000572204
0.9997400000572204
0.9997400000572204
0.9997400000572204
0.9997400000572204
0.9997400000572204
0.9997400000572204
0.9997400000572204
0.9997400000572204
0.9997400000572204
0.9997400000572204
0.9997400000572204
0.9997400000572204
0.9997400000572204
0.9997400000572204
0.9997400000572204
0.9997400000572204
0.9997400000572204
0.9997400000572204
0.9997400000572204
0.9997400000572204
0.9997400000572204
0.9997400000572204
0.9997400000572204
0.9997400000572204
0.9997400000572204
0.9997400000572204
0.9997400000572204
0.9997400000572204
0.9997400000572204
0.9997400000572204
0.9997400000572204
0.9997400000572204
0.9997400000572204
0.9997400000572204
0.9997400000572204
0.9997400000572204
0.9997400000572204
0.9997400000572204
0.9997400000572204
0.9997400000572204
0.9997400000572204
0.9997400000572204
0.9997400000572204
0.9997400000572204
0.9997400000572204
0.9997400000572204
0.9997400000572204
