0.5876400000381470
0.7525400000381470
0.8162000000381470
0.8480600000572205
0.8728200000000000
0.8894200000381469
0.8989200000572205
0.8824199999809265
0.8960600000572204
0.9085400000381469
0.9323199999809265
0.9539200000190735
0.9523199999809265
0.9607400000190734
0.9691800000381470
0.9738599999809265
0.9710199999809265
0.9746600000190735
0.9853199999809266
0.9760600000572205
0.9735599999809265
0.9883599999809265
0.9823999999809265
0.9914400000190735
0.9935600000000000
0.9879799999809266
0.9902200000381469
0.9755000000000000
0.9931600000000000
0.9975400000000000
0.9978800000190735
0.9981000000381469
0.9995800000000000
0.9996400000000000
0.9996600000000000
0.9996600000000000
0.9996600000000000
0.9996600000000000
0.9996800000000000
0.9996800000000000
0.9996800000000000
0.9996800000000000
0.9996800000000000
0.9996800000000000
0.9996800000000000
0.9997000000000000
0.9997000000000000
0.9997000000000000
0.9997000000000000
0.9997000000000000
0.9997000000000000
0.9997000000000000
0.9997000000000000
0.9997000000000000
0.9997000000000000
0.9997000000000000
0.9997000000000000
0.9997000000000000
0.9997000000000000
0.9997000000000000
0.9997000000000000
0.9997000000000000
0.9997000000000000
0.9997000000000000
0.9997000000000000
0.9997000000000000
0.9997000000000000
0.9997000000000000
0.9997000000000000
0.9997000000000000
0.9997000000000000
0.9997000000000000
0.9997000000000000
0.9997000000000000
0.9997000000000000
0.9997000000000000
0.9997000000000000
0.9997000000000000
0.9997000000000000
0.9997000000000000
0.9997000000000000
0.9997000000000000
0.9997000000000000
0.9997000000000000
0.9997000000000000
0.9997000000000000
0.9997000000000000
0.9997000000000000
0.9997000000000000
0.9997000000000000
0.9997000000000000
0.9997000000000000
0.9997000000000000
0.9997000000000000
0.9997000000000000
0.9997000000000000
0.9997000000000000
0.9997000000000000
0.9997000000000000
0.9997000000000000
0.9997000000000000
0.9997199999809265
0.9997199999809265
0.9997000000000000
0.9997000000000000
0.9997000000000000
0.9997199999809265
0.9997199999809265
0.9997199999809265
0.9997199999809265
0.9997199999809265
0.9997199999809265
0.9997199999809265
0.9997199999809265
0.9997199999809265
0.9997199999809265
0.9997199999809265
0.9997199999809265
0.9997199999809265
0.9997199999809265
0.9997199999809265
0.9997199999809265
0.9997199999809265
0.9997199999809265
0.9997199999809265
0.9997199999809265
0.9997199999809265
0.9997199999809265
0.9997199999809265
0.9997199999809265
0.9997199999809265
0.9997199999809265
0.9997199999809265
0.9997199999809265
0.9997199999809265
0.9997199999809265
0.9997199999809265
0.9997199999809265
0.9997199999809265
0.9997199999809265
0.9997199999809265
0.9997199999809265
0.9997199999809265
0.9997199999809265
0.9997199999809265
0.9997199999809265
0.9997199999809265
0.9997199999809265
0.9997199999809265
0.9997199999809265
0.9997199999809265
0.9997199999809265
0.9997199999809265
0.9997199999809265
0.9997199999809265
0.9997199999809265
0.9997199999809265
0.9997199999809265
0.9997199999809265
0.9997199999809265
0.9997199999809265
0.9997199999809265
0.9997199999809265
0.9997199999809265
0.9997199999809265
0.9997199999809265
0.9997199999809265
0.9997199999809265
0.9997199999809265
0.9997199999809265
0.9997199999809265
0.9997199999809265
0.9997199999809265
0.9997199999809265
0.9997199999809265
0.9997199999809265
0.9997199999809265
0.9997199999809265
0.9997199999809265
0.9997199999809265
0.9997199999809265
0.9997199999809265
0.9997199999809265
0.9997199999809265
0.9997199999809265
0.9997199999809265
0.9997199999809265
0.9997199999809265
0.9997199999809265
0.9997199999809265
0.9997199999809265
0.9997199999809265
0.9997199999809265
0.9997199999809265
0.9997199999809265
0.9997199999809265
0.9997199999809265
0.9997199999809265
0.9997199999809265
0.9997199999809265
