0.6422400000000000
0.7572800000190735
0.7963000000572205
0.8276199999809265
0.8540000000000000
0.8808799999809265
0.8356800000190735
0.9283800000000000
0.9055799999809265
0.9473199999809265
0.9342600000572204
0.9589600000572205
0.9294200000000000
0.9749000000381469
0.9727400000572205
0.9752199999809266
0.9799400000000000
0.9858600000572204
0.9866400000381470
0.9888400000190735
0.9888400000000001
0.9891600000000000
0.9910200000572205
0.9928200000190734
0.9926200000381470
0.9958199999809265
0.9821800000572205
0.9967000000190734
0.9981800000381470
0.9965800000000000
0.9878400000000001
0.9938000000381469
0.9964200000381470
0.9963000000000000
0.9947000000381470
0.9897799999809265
0.9968600000000000
0.9934600000190735
0.9938600000000000
0.9967800000000000
0.9980200000000000
0.9992400000381469
0.9994400000572204
0.9996399999809266
0.9996399999809266
0.9996599999809265
0.9996599999809265
0.9996799999809265
0.9996799999809265
0.9996799999809265
0.9996799999809265
0.9996999999809265
0.9996999999809265
0.9996999999809265
0.9996999999809265
0.9996999999809265
0.9996999999809265
0.9996999999809265
0.9996999999809265
0.9996999999809265
0.9996999999809265
0.9996999999809265
0.9996999999809265
0.9996999999809265
0.9996999999809265
0.9996999999809265
0.9996999999809265
0.9996999999809265
0.9996999999809265
0.9996999999809265
0.9996999999809265
0.9996999999809265
0.9996999999809265
0.9996999999809265
0.9996999999809265
0.9996999999809265
0.9996999999809265
0.9996999999809265
0.9996999999809265
0.9996999999809265
0.9996999999809265
0.9996999999809265
0.9996999999809265
0.9996999999809265
0.9996999999809265
0.9996999999809265
0.9996999999809265
0.9996999999809265
0.9996999999809265
0.9996999999809265
0.9996999999809265
0.9996999999809265
0.9996999999809265
0.9996999999809265
0.9996999999809265
0.9996999999809265
0.9996999999809265
0.9996999999809265
0.9996999999809265
0.9996999999809265
0.9996999999809265
0.9996999999809265
0.9996999999809265
0.9996999999809265
0.9996999999809265
0.9996999999809265
0.9996999999809265
0.9996999999809265
0.9996999999809265
0.9996999999809265
0.9996999999809265
0.9996999999809265
0.9996999999809265
0.9996999999809265
0.9996999999809265
0.9996999999809265
0.9996999999809265
0.9996999999809265
0.9996999999809265
0.9996999999809265
0.9996999999809265
0.9996999999809265
0.9996999999809265
0.9996999999809265
0.9996999999809265
0.9996999999809265
0.9996999999809265
0.9996999999809265
0.9996999999809265
0.9996999999809265
0.9996999999809265
0.9996999999809265
0.9996999999809265
0.9996999999809265
0.9996999999809265
0.9996999999809265
0.9996999999809265
0.9997199999809265
0.9997199999809265
0.9997199999809265
0.9997199999809265
0.9997199999809265
0.9997199999809265
0.9997199999809265
0.9997199999809265
0.9997199999809265
0.9997199999809265
0.9997199999809265
0.9997199999809265
0.9997199999809265
0.9997199999809265
0.9997199999809265
0.9997199999809265
0.9997199999809265
0.9997199999809265
0.9997199999809265
0.9997199999809265
0.9997199999809265
0.9997199999809265
0.9997199999809265
0.9997199999809265
0.9997199999809265
0.9997199999809265
0.9997199999809265
0.9997199999809265
0.9997199999809265
0.9997199999809265
0.9997199999809265
0.9997199999809265
0.9997199999809265
0.9997199999809265
0.9997199999809265
0.9997199999809265
0.9997199999809265
0.9997199999809265
0.9997199999809265
0.9997199999809265
0.9997199999809265
0.9997199999809265
0.9997199999809265
0.9997199999809265
0.9997199999809265
0.9997199999809265
0.9997199999809265
0.9997199999809265
0.9997199999809265
0.9997199999809265
0.9997199999809265
0.9997199999809265
0.9997199999809265
0.9997199999809265
0.9997199999809265
0.9997199999809265
0.9997199999809265
0.9997199999809265
0.9997199999809265
0.9997199999809265
0.9997199999809265
0.9997199999809265
0.9997199999809265
