0.6980800002479554
0.8384400001335144
0.8732799999618530
0.8915199999618530
0.9078400000572204
0.9064400000572205
0.9337200002479553
0.9316800000953674
0.9251600000190735
0.9568000002479553
0.9333999999618531
0.9178800001525879
0.9607199999427796
0.9763600001525878
0.9742000003051757
0.9468800000190735
0.9702000002098083
0.9758800001525879
0.9796400002098083
0.9873600000953674
0.9972000001907348
0.9954799999427796
0.9960400000381470
0.9935200002479553
0.9978800002479553
0.9977200002098083
0.9980400003051758
0.9980800002479553
0.9979200002098083
0.9963200001907349
