0.7247600000762939
0.8383200001144410
0.8674400001716613
0.8860800002670288
0.8925600001716614
0.9135600002098083
0.9095199999237060
0.9298400002098084
0.9234800002670288
0.9468799999618530
0.9319600000000000
0.9408000003051757
0.9580800000572205
0.9684800000000000
0.9697600000572204
0.9599200002098084
0.9780399999618530
0.9627200003051758
0.9864399999618531
0.9841600000953674
0.9952400002098083
0.9963600003051758
0.9969600003051757
0.9968800003051758
0.9928800002098084
0.9927200001144409
0.9681200002670288
0.9868800002670288
0.9620000000190735
0.9973600000572205
