0.7614800000000000
0.8007599999809265
0.8445600000190735
0.8938000003051758
0.8816400003051758
0.9046800000000000
0.9272400000000000
0.9379200000000000
0.9148400000953675
0.9330000000000001
0.8987600000190735
0.9244400000572205
0.9579600003051758
0.9607200000000000
0.9381999999618530
0.9541200000572204
0.9870400000953674
0.9837200000953674
0.9912000001525879
0.9960800001525879
0.9979200003051758
0.9984400002479553
0.9979200000000000
0.9964400001525879
0.9956400000000000
0.9978400002479553
0.9990800000000000
0.9991200001525878
0.9991200001525878
0.9992000002479553
