0.7113600001716613
0.8159200002288818
0.8554000000572205
0.8960399999999999
0.9024400003051758
0.9038400000953675
0.9310000000000000
0.9330000003051758
0.9327600001907349
0.9089200003051758
0.9138800003051758
0.9426800002670288
0.9529599999618530
0.9771200001525879
0.9647200002670288
0.9534800002288818
0.9727600001144410
0.9561599999618531
0.9598400001144409
0.9822399999618531
0.9945200002098084
0.9970400000572205
0.9967200002098083
0.9972800001525879
0.9986399999427795
0.9987200000000001
0.9991200000000000
0.9990400001525879
0.9990400003051758
0.9991200001525878
