0.7321199999237060
0.8348800001335144
0.8726799999618531
0.8889599999618530
0.8998800000572205
0.8999600002670288
0.9300000002098083
0.9268400001525879
0.8959200002670288
0.9219200003051757
0.9172400002098083
0.9611600000572205
0.9714800002479553
0.9726000002670289
0.9264000000190735
0.9560400002670288
0.9733200003051757
0.9867600000572204
0.9773599999237060
0.9865600000572204
0.9951600000190735
0.9966000001144409
0.9951600000190735
0.9788400002670288
0.9709600002098083
0.9940800000572204
0.9952800003051758
0.9908800000190735
0.9948000002098083
0.9967200001525879
