0.9086333333969117
0.9511166666984558
0.9661166666666666
0.9730333333651224
0.9775666666984558
0.9801666666984558
0.9822666666984559
0.9840333333969116
0.9853666667302450
0.9865166667302450
0.9875666667302450
0.9885833333969116
0.9893666667302450
0.9901500000635783
0.9908500000635783
0.9914333333969116
0.9920166667302449
0.9926166667302450
0.9930666667302449
0.9935166667302450
0.9940333333969116
0.9943666667302450
0.9947000000635783
0.9949500000635783
0.9953500000635783
0.9957333333969116
0.9959000000635783
0.9961833333969117
0.9964166667302450
0.9965833333969116
0.9967333333969116
0.9969666667302449
0.9971666667302449
0.9973666667302450
0.9975333333969116
0.9976500000635783
0.9977833333969116
0.9979166667302449
0.9980666667302449
0.9982333333969117
0.9983000000635783
0.9983833333969117
0.9984666667302450
0.9986000000635783
0.9986833333969116
0.9987666667302449
0.9988000000635783
0.9988833333969116
0.9989833333969116
0.9990166667302449
0.9991500000635782
0.9992166667302450
0.9992500000635783
0.9992666667302450
0.9993333333969117
0.9993666667302450
0.9993833333969117
0.9994166667302450
0.9994666667302450
0.9995166667302450
0.9995500000635783
0.9995833333969116
0.9996000000635783
0.9996333333969116
0.9997000000635783
0.9997000000635783
0.9997000000635783
0.9997000000635783
0.9997166667302450
0.9997333333969116
0.9997333333969116
0.9997333333969116
0.9997500000635783
0.9997500000635783
0.9997666667302449
0.9997666667302449
0.9997666667302449
0.9997666667302449
0.9997666667302449
0.9997833333969116
0.9998000000635783
0.9998166667302449
0.9998333333969116
0.9998333333969116
0.9998666667302449
0.9998833333969116
0.9999000000635783
0.9999000000635783
0.9999000000635783
0.9999000000635783
0.9999333333969116
0.9999333333969116
0.9999333333969116
0.9999333333969116
0.9999333333969116
0.9999666667302449
0.9999666667302449
0.9999666667302449
0.9999666667302449
0.9999666667302449
0.9999666667302449
0.9999666667302449
0.9999666667302449
0.9999666667302449
0.9999666667302449
0.9999666667302449
0.9999666667302449
0.9999666667302449
0.9999666667302449
0.9999666667302449
0.9999666667302449
0.9999666667302449
0.9999666667302449
0.9999666667302449
0.9999833333969116
0.9999833333969116
0.9999833333969116
0.9999833333969116
0.9999833333969116
0.9999833333969116
0.9999833333969116
0.9999833333969116
0.9999833333969116
0.9999833333969116
0.9999833333969116
0.9999833333969116
0.9999833333969116
0.9999833333969116
0.9999833333969116
0.9999833333969116
0.9999833333969116
0.9999833333969116
0.9999833333969116
0.9999833333969116
0.9999833333969116
0.9999833333969116
0.9999833333969116
0.9999833333969116
0.9999833333969116
0.9999833333969116
0.9999833333969116
0.9999833333969116
0.9999833333969116
0.9999833333969116
0.9999833333969116
0.9999833333969116
0.9999833333969116
0.9999833333969116
0.9999833333969116
0.9999833333969116
0.9999833333969116
0.9999833333969116
0.9999833333969116
0.9999833333969116
0.9999833333969116
0.9999833333969116
0.9999833333969116
0.9999833333969116
0.9999833333969116
0.9999833333969116
0.9999833333969116
0.9999833333969116
0.9999833333969116
0.9999833333969116
0.9999833333969116
0.9999833333969116
0.9999833333969116
0.9999833333969116
0.9999833333969116
0.9999833333969116
0.9999833333969116
0.9999833333969116
0.9999833333969116
0.9999833333969116
0.9999833333969116
0.9999833333969116
0.9999833333969116
0.9999833333969116
0.9999833333969116
0.9999833333969116
0.9999833333969116
0.9999833333969116
0.9999833333969116
0.9999833333969116
0.9999833333969116
0.9999833333969116
0.9999833333969116
0.9999833333969116
0.9999833333969116
0.9999833333969116
0.9999833333969116
0.9999833333969116
0.9999833333969116
0.9999833333969116
0.9999833333969116
0.9999833333969116
0.9999833333969116
0.9999833333969116
0.9999833333969116
0.9999833333969116
