0.9175333333333333
0.9514666666984558
0.9643500000635783
0.9702333333333333
0.9733333333333334
0.9756500000317891
0.9777166666984558
0.9791166666984558
0.9803666666984558
0.9820666666984558
0.9835333333969116
0.9846833333969116
0.9860000000635782
0.9874833333969116
0.9885166667302450
0.9894500000635783
0.9902333333969117
0.9910000000635782
0.9917166667302449
0.9923166667302450
0.9928166667302449
0.9932000000635783
0.9936500000635783
0.9940333333969116
0.9943666667302450
0.9947166667302449
0.9951666667302450
0.9954666667302450
0.9956666667302450
0.9959000000635783
0.9961666667302450
0.9964000000635783
0.9967166667302449
0.9969500000635783
0.9971166667302449
0.9973000000635783
0.9974666667302450
0.9976000000635783
0.9977666667302449
0.9978666667302449
0.9979500000635783
0.9980666667302449
0.9981333333969116
0.9982166667302450
0.9983333333969117
0.9984833333969116
0.9985333333969116
0.9987166667302450
0.9987833333969116
0.9988666667302449
0.9989333333969116
0.9990333333969116
0.9991000000635782
0.9991666667302449
0.9991666667302449
0.9991833333969116
0.9992333333969117
0.9992833333969117
0.9993333333969117
0.9993833333969117
0.9994000000635783
0.9994500000635783
0.9995000000635783
0.9995166667302450
0.9995166667302450
0.9995333333969116
0.9995333333969116
0.9995500000635783
0.9995666667302450
0.9996000000635783
0.9996166667302450
0.9996500000635783
0.9996833333969116
0.9997333333969116
0.9997500000635783
0.9997666667302449
0.9997833333969116
0.9998333333969116
0.9998500000635783
0.9998666667302449
0.9998666667302449
0.9998666667302449
0.9998666667302449
0.9998833333969116
0.9998833333969116
0.9998833333969116
0.9998833333969116
0.9999166667302449
0.9999166667302449
0.9999166667302449
0.9999166667302449
0.9999166667302449
0.9999333333969116
0.9999333333969116
0.9999333333969116
0.9999333333969116
0.9999333333969116
0.9999333333969116
0.9999333333969116
0.9999333333969116
0.9999500000635783
0.9999500000635783
0.9999500000635783
0.9999500000635783
0.9999500000635783
0.9999500000635783
0.9999500000635783
0.9999500000635783
0.9999666667302449
0.9999833333969116
0.9999833333969116
0.9999833333969116
0.9999833333969116
0.9999833333969116
0.9999833333969116
0.9999833333969116
0.9999833333969116
0.9999833333969116
0.9999833333969116
0.9999833333969116
0.9999833333969116
0.9999833333969116
0.9999833333969116
0.9999833333969116
0.9999833333969116
0.9999833333969116
0.9999833333969116
0.9999833333969116
0.9999833333969116
0.9999833333969116
0.9999833333969116
0.9999833333969116
0.9999833333969116
0.9999833333969116
0.9999833333969116
0.9999833333969116
0.9999833333969116
0.9999833333969116
0.9999833333969116
0.9999833333969116
0.9999833333969116
0.9999833333969116
0.9999833333969116
0.9999833333969116
0.9999833333969116
0.9999833333969116
0.9999833333969116
0.9999833333969116
0.9999833333969116
0.9999833333969116
0.9999833333969116
0.9999833333969116
0.9999833333969116
0.9999833333969116
0.9999833333969116
0.9999833333969116
0.9999833333969116
0.9999833333969116
0.9999833333969116
0.9999833333969116
0.9999833333969116
0.9999833333969116
0.9999833333969116
0.9999833333969116
0.9999833333969116
0.9999833333969116
0.9999833333969116
0.9999833333969116
0.9999833333969116
0.9999833333969116
0.9999833333969116
0.9999833333969116
0.9999833333969116
0.9999833333969116
0.9999833333969116
0.9999833333969116
0.9999833333969116
0.9999833333969116
0.9999833333969116
0.9999833333969116
0.9999833333969116
0.9999833333969116
0.9999833333969116
0.9999833333969116
0.9999833333969116
0.9999833333969116
0.9999833333969116
0.9999833333969116
0.9999833333969116
0.9999833333969116
0.9999833333969116
0.9999833333969116
0.9999833333969116
0.9999833333969116
0.9999833333969116
0.9999833333969116
0.9999833333969116
0.9999833333969116
0.9999833333969116
0.9999833333969116
