0.9041500000635783
0.9499833333969117
0.9664166666984558
0.9737000000317891
0.9780666666984558
0.9811500000635783
0.9831000000635783
0.9846500000635783
0.9861500000635783
0.9872500000635783
0.9884166667302450
0.9894500000635783
0.9902666667302450
0.9908833333969116
0.9915166667302450
0.9918833333969116
0.9925333333969116
0.9929666667302449
0.9933666667302450
0.9937333333969116
0.9940833333969116
0.9944333333969116
0.9947833333969116
0.9950666667302449
0.9953500000635783
0.9957000000635783
0.9959666667302449
0.9962333333969117
0.9966000000635783
0.9968666667302449
0.9970166667302449
0.9972833333969117
0.9975166667302450
0.9977000000635783
0.9979000000635783
0.9980000000635783
0.9982833333969117
0.9983333333969117
0.9984166667302450
0.9985166667302450
0.9986666667302450
0.9988166667302449
0.9989000000635783
0.9989333333969116
0.9989833333969116
0.9991166667302449
0.9991500000635782
0.9991666667302449
0.9992000000635783
0.9992166667302450
0.9992833333969117
0.9993000000635783
0.9993666667302450
0.9994333333969116
0.9994833333969116
0.9995166667302450
0.9995500000635783
0.9995666667302450
0.9995833333969116
0.9995833333969116
0.9995833333969116
0.9996166667302450
0.9996500000635783
0.9996666667302450
0.9997166667302450
0.9997333333969116
0.9997500000635783
0.9997666667302449
0.9997666667302449
0.9998000000635783
0.9998000000635783
0.9998166667302449
0.9998166667302449
0.9998333333969116
0.9998333333969116
0.9998333333969116
0.9998333333969116
0.9998833333969116
0.9999000000635783
0.9999166667302449
0.9999166667302449
0.9999166667302449
0.9999333333969116
0.9999333333969116
0.9999333333969116
0.9999333333969116
0.9999333333969116
0.9999333333969116
0.9999333333969116
0.9999333333969116
0.9999333333969116
0.9999500000635783
0.9999500000635783
0.9999500000635783
0.9999500000635783
0.9999500000635783
0.9999666667302449
0.9999666667302449
0.9999666667302449
0.9999666667302449
0.9999666667302449
0.9999666667302449
0.9999833333969116
0.9999833333969116
0.9999833333969116
0.9999833333969116
0.9999833333969116
0.9999833333969116
0.9999833333969116
0.9999833333969116
0.9999833333969116
0.9999833333969116
0.9999833333969116
0.9999833333969116
0.9999833333969116
0.9999833333969116
0.9999833333969116
0.9999833333969116
0.9999833333969116
0.9999833333969116
0.9999833333969116
0.9999833333969116
0.9999833333969116
0.9999833333969116
0.9999833333969116
0.9999833333969116
0.9999833333969116
0.9999833333969116
0.9999833333969116
0.9999833333969116
0.9999833333969116
0.9999833333969116
0.9999833333969116
0.9999833333969116
0.9999833333969116
0.9999833333969116
0.9999833333969116
0.9999833333969116
0.9999833333969116
0.9999833333969116
0.9999833333969116
0.9999833333969116
0.9999833333969116
0.9999833333969116
0.9999833333969116
0.9999833333969116
0.9999833333969116
0.9999833333969116
0.9999833333969116
0.9999833333969116
0.9999833333969116
0.9999833333969116
0.9999833333969116
0.9999833333969116
0.9999833333969116
0.9999833333969116
0.9999833333969116
0.9999833333969116
0.9999833333969116
0.9999833333969116
0.9999833333969116
0.9999833333969116
0.9999833333969116
0.9999833333969116
0.9999833333969116
0.9999833333969116
0.9999833333969116
0.9999833333969116
0.9999833333969116
0.9999833333969116
0.9999833333969116
0.9999833333969116
0.9999833333969116
0.9999833333969116
0.9999833333969116
0.9999833333969116
0.9999833333969116
0.9999833333969116
0.9999833333969116
0.9999833333969116
0.9999833333969116
0.9999833333969116
0.9999833333969116
0.9999833333969116
0.9999833333969116
0.9999833333969116
0.9999833333969116
0.9999833333969116
0.9999833333969116
0.9999833333969116
0.9999833333969116
0.9999833333969116
0.9999833333969116
0.9999833333969116
0.9999833333969116
0.9999833333969116
0.9999833333969116
0.9999833333969116
0.9999833333969116
0.9999833333969116
