0.9109166667302450
0.9522000000000000
0.9662333333333334
0.9731000000000000
0.9768166666984558
0.9795500000317892
0.9815500000317892
0.9834500000317892
0.9850333333651224
0.9864166666984558
0.9875166666984558
0.9884666666984558
0.9892500000317891
0.9902833333651225
0.9909666666984558
0.9915500000317892
0.9920500000317891
0.9926166666984558
0.9930166666984558
0.9933166666984559
0.9937333333651225
0.9939833333651225
0.9944000000317892
0.9948500000317891
0.9952833333651224
0.9953333333651225
0.9955166666984558
0.9958000000317891
0.9960166666984558
0.9961833333651224
0.9963500000317892
0.9965333333651225
0.9966666666984558
0.9967500000317892
0.9968833333651225
0.9969833333651225
0.9971666666984558
0.9972500000317891
0.9973833333969117
0.9975166667302450
0.9976833333969116
0.9978333333969116
0.9980333333969116
0.9981333333969116
0.9982333333969117
0.9983666667302450
0.9984500000635783
0.9985333333969116
0.9986500000635783
0.9987166667302450
0.9988000000635783
0.9988833333969116
0.9989333333969116
0.9990166667302449
0.9990500000635782
0.9991000000635782
0.9991333333969116
0.9991500000635782
0.9991833333969116
0.9992333333969117
0.9992833333969117
0.9993500000635783
0.9993833333969117
0.9994333333969116
0.9994666667302450
0.9995333333969116
0.9995666667302450
0.9995833333969116
0.9995833333969116
0.9995833333969116
0.9996166667302450
0.9996166667302450
0.9996166667302450
0.9996500000635783
0.9996666667302450
0.9996666667302450
0.9997000000635783
0.9997500000635783
0.9997500000635783
0.9997833333969116
0.9998000000635783
0.9998500000635783
0.9998500000635783
0.9998666667302449
0.9998666667302449
0.9998666667302449
0.9998666667302449
0.9998666667302449
0.9998833333969116
0.9998833333969116
0.9999000000635783
0.9999000000635783
0.9999000000635783
0.9999000000635783
0.9999166667302449
0.9999166667302449
0.9999166667302449
0.9999166667302449
0.9999333333969116
0.9999333333969116
0.9999333333969116
0.9999333333969116
0.9999500000635783
0.9999500000635783
0.9999666667302449
0.9999666667302449
0.9999666667302449
0.9999666667302449
0.9999666667302449
0.9999666667302449
0.9999666667302449
0.9999666667302449
0.9999666667302449
0.9999833333969116
0.9999833333969116
0.9999833333969116
0.9999833333969116
0.9999833333969116
0.9999833333969116
0.9999833333969116
0.9999833333969116
0.9999833333969116
0.9999833333969116
0.9999833333969116
0.9999833333969116
0.9999833333969116
0.9999833333969116
0.9999833333969116
0.9999833333969116
0.9999833333969116
0.9999833333969116
0.9999833333969116
0.9999833333969116
0.9999833333969116
0.9999833333969116
0.9999833333969116
0.9999833333969116
0.9999833333969116
0.9999833333969116
0.9999833333969116
0.9999833333969116
0.9999833333969116
0.9999833333969116
0.9999833333969116
0.9999833333969116
0.9999833333969116
0.9999833333969116
0.9999833333969116
0.9999833333969116
0.9999833333969116
0.9999833333969116
0.9999833333969116
0.9999833333969116
0.9999833333969116
0.9999833333969116
0.9999833333969116
0.9999833333969116
0.9999833333969116
0.9999833333969116
0.9999833333969116
0.9999833333969116
0.9999833333969116
0.9999833333969116
0.9999833333969116
0.9999833333969116
0.9999833333969116
0.9999833333969116
0.9999833333969116
0.9999833333969116
0.9999833333969116
0.9999833333969116
0.9999833333969116
0.9999833333969116
0.9999833333969116
0.9999833333969116
0.9999833333969116
0.9999833333969116
0.9999833333969116
0.9999833333969116
0.9999833333969116
0.9999833333969116
0.9999833333969116
0.9999833333969116
0.9999833333969116
0.9999833333969116
0.9999833333969116
0.9999833333969116
0.9999833333969116
0.9999833333969116
0.9999833333969116
0.9999833333969116
0.9999833333969116
0.9999833333969116
0.9999833333969116
0.9999833333969116
0.9999833333969116
0.9999833333969116
0.9999833333969116
0.9999833333969116
0.9999833333969116
