0.9119833333333334
0.9533166667302450
0.9669833333333333
0.9725833333333334
0.9756666666666667
0.9778833333969116
0.9797333333969116
0.9813666667302450
0.9828333333969116
0.9840833333969117
0.9855166667302450
0.9865333333969116
0.9873333333969116
0.9882333333969117
0.9889500000635782
0.9896833333969116
0.9903666667302450
0.9907666667302449
0.9913500000635783
0.9919333333969116
0.9923666667302450
0.9928666667302449
0.9933000000635783
0.9936666667302450
0.9940666667302449
0.9944166667302450
0.9948000000635783
0.9951666667302450
0.9954333333969116
0.9957833333969116
0.9960666667302449
0.9962500000635783
0.9964833333969116
0.9967666667302449
0.9969333333969116
0.9971500000635782
0.9972666667302450
0.9975166667302450
0.9977000000635783
0.9978166667302449
0.9979666667302449
0.9980666667302449
0.9982000000635783
0.9982666667302450
0.9983666667302450
0.9985000000635783
0.9986166667302450
0.9986333333969116
0.9987500000635783
0.9988666667302449
0.9990166667302449
0.9991000000635782
0.9991000000635782
0.9991833333969116
0.9992500000635783
0.9993000000635783
0.9993500000635783
0.9994000000635783
0.9994500000635783
0.9994833333969116
0.9995333333969116
0.9996000000635783
0.9996500000635783
0.9997000000635783
0.9997333333969116
0.9997500000635783
0.9997666667302449
0.9998166667302449
0.9998166667302449
0.9998166667302449
0.9998333333969116
0.9998333333969116
0.9998333333969116
0.9999000000635783
0.9999000000635783
0.9999000000635783
0.9999000000635783
0.9999000000635783
0.9999166667302449
0.9999166667302449
0.9999166667302449
0.9999166667302449
0.9999333333969116
0.9999333333969116
0.9999333333969116
0.9999333333969116
0.9999333333969116
0.9999500000635783
0.9999666667302449
0.9999666667302449
0.9999666667302449
0.9999666667302449
0.9999666667302449
0.9999666667302449
0.9999666667302449
0.9999666667302449
0.9999833333969116
0.9999833333969116
0.9999833333969116
0.9999833333969116
0.9999833333969116
0.9999833333969116
0.9999833333969116
0.9999833333969116
0.9999833333969116
0.9999833333969116
0.9999833333969116
0.9999833333969116
0.9999833333969116
0.9999833333969116
0.9999833333969116
0.9999833333969116
0.9999833333969116
0.9999833333969116
0.9999833333969116
0.9999833333969116
0.9999833333969116
0.9999833333969116
0.9999833333969116
0.9999833333969116
0.9999833333969116
0.9999833333969116
0.9999833333969116
0.9999833333969116
0.9999833333969116
0.9999833333969116
0.9999833333969116
0.9999833333969116
0.9999833333969116
0.9999833333969116
0.9999833333969116
0.9999833333969116
0.9999833333969116
0.9999833333969116
0.9999833333969116
0.9999833333969116
0.9999833333969116
0.9999833333969116
0.9999833333969116
0.9999833333969116
0.9999833333969116
0.9999833333969116
0.9999833333969116
0.9999833333969116
0.9999833333969116
0.9999833333969116
0.9999833333969116
0.9999833333969116
0.9999833333969116
0.9999833333969116
0.9999833333969116
0.9999833333969116
0.9999833333969116
0.9999833333969116
0.9999833333969116
0.9999833333969116
0.9999833333969116
0.9999833333969116
0.9999833333969116
0.9999833333969116
0.9999833333969116
0.9999833333969116
0.9999833333969116
0.9999833333969116
0.9999833333969116
0.9999833333969116
0.9999833333969116
0.9999833333969116
0.9999833333969116
0.9999833333969116
0.9999833333969116
0.9999833333969116
0.9999833333969116
0.9999833333969116
0.9999833333969116
0.9999833333969116
0.9999833333969116
0.9999833333969116
0.9999833333969116
0.9999833333969116
0.9999833333969116
0.9999833333969116
0.9999833333969116
0.9999833333969116
0.9999833333969116
0.9999833333969116
0.9999833333969116
0.9999833333969116
0.9999833333969116
0.9999833333969116
0.9999833333969116
0.9999833333969116
0.9999833333969116
0.9999833333969116
0.9999833333969116
0.9999833333969116
0.9999833333969116
0.9999833333969116
0.9999833333969116
0.9999833333969116
