0.46605999999999997
0.46516000000000002
0.61004000000000003
0.61173999999999995
0.66718
0.60468
0.74319999999999997
0.76726000000000005
0.69245999999999996
0.7651
0.79232000000000002
0.78846000000000005
0.83321999999999996
0.83265999999999996
0.85728000000000004
0.86499999999999999
0.82377999999999996
0.88907999999999998
0.87112000000000001
0.87607999999999997
0.88888
0.88058000000000003
0.87617999999999996
0.90473999999999999
0.90042
0.92571999999999999
0.93135999999999997
0.90480000000000005
0.93498000000000003
0.93955999999999995
0.91578000000000004
0.92825999999999997
0.9476
0.9476
0.91127999999999998
0.95113999999999999
0.95365999999999995
0.94610000000000005
0.95250000000000001
0.94565999999999995
0.94121999999999995
0.95516000000000001
0.95601999999999998
0.96013999999999999
0.95999999999999996
0.95965999999999996
0.95101999999999998
0.95935999999999999
0.96530000000000005
0.96901999999999999
0.96511999999999998
0.96530000000000005
0.96919999999999995
0.96664000000000005
0.96940000000000004
0.97411999999999999
0.97208000000000006
0.93566000000000005
0.96896000000000004
0.97265999999999997
0.96718000000000004
0.97453999999999996
0.97211999999999998
0.95594000000000001
0.97719999999999996
0.97260000000000002
0.97731999999999997
0.97855999999999999
0.97787999999999997
0.97902
0.97684000000000004
0.97885999999999995
0.97914000000000001
0.97724
0.98077999999999999
0.97784000000000004
0.98099999999999998
0.97992000000000001
0.98163999999999996
0.98024
0.98046
0.98006000000000004
0.97950000000000004
0.98106000000000004
0.98084000000000005
0.98226000000000002
0.98055999999999999
0.97921999999999998
0.98306000000000004
0.98031999999999997
0.98202
0.98024
0.98238000000000003
0.98306000000000004
0.98287999999999998
0.98295999999999994
0.98306000000000004
0.98287999999999998
0.98358000000000001
0.98038000000000003
0.98107999999999995
0.98416000000000003
0.98372000000000004
0.98443999999999998
0.98026000000000002
0.98251999999999995
0.98319999999999996
0.98468
0.98255999999999999
0.98319999999999996
0.98450000000000004
0.98351999999999995
0.98419999999999996
0.98385999999999996
0.98428000000000004
0.98450000000000004
0.98477999999999999
0.98397999999999997
0.98548000000000002
0.98617999999999995
0.98516000000000004
0.98477999999999999
0.98380000000000001
0.98499999999999999
0.98560000000000003
0.98311999999999999
0.98185999999999996
0.98587999999999998
0.98633999999999999
0.98651999999999995
0.98553999999999997
0.98260000000000003
0.95265999999999995
0.98609999999999998
0.98553999999999997
0.98643999999999998
0.98677999999999999
0.98628000000000005
0.98509999999999998
0.98421999999999998
0.9849
0.98662000000000005
0.98575999999999997
0.98609999999999998
0.98633999999999999
0.98643999999999998
0.98482000000000003
0.98473999999999995
0.98673999999999995
0.98692000000000002
0.98712
0.98529999999999995
0.98706000000000005
0.98706000000000005
0.98724000000000001
0.98736000000000002
0.98660000000000003
0.98695999999999995
0.98728000000000005
0.98751999999999995
0.98753999999999997
0.98682000000000003
0.98714000000000002
0.98755999999999999
0.98636000000000001
0.98714000000000002
0.98665999999999998
0.98594000000000004
0.98750000000000004
0.98755999999999999
0.98775999999999997
0.98651999999999995
0.98792000000000002
0.9879
0.98519999999999996
0.98787999999999998
0.98748000000000002
0.98619999999999997
0.98750000000000004
0.98775999999999997
0.98729999999999996
0.98758000000000001
0.98750000000000004
0.98812
0.98787999999999998
0.98804000000000003
0.98797999999999997
0.98834
0.98670000000000002
0.98846000000000001
0.98765999999999998
0.98792000000000002
0.98843999999999999
0.98836000000000002
0.98804000000000003
0.98841999999999997
0.98787999999999998
0.98839999999999995
0.98797999999999997
0.98746
