0.43037999999999998
0.44162000000000001
0.59855999999999998
0.67176000000000002
0.71750000000000003
0.72009999999999996
0.76117999999999997
0.78400000000000003
0.74573999999999996
0.70477999999999996
0.79501999999999995
0.84101999999999999
0.83684000000000003
0.80478000000000005
0.84948000000000001
0.85563999999999996
0.86285999999999996
0.79986000000000002
0.83704000000000001
0.88973999999999998
0.89503999999999995
0.90542
0.88488
0.92069999999999996
0.91722000000000004
0.92581999999999998
0.91281999999999996
0.92637999999999998
0.89102000000000003
0.91525999999999996
0.93718000000000001
0.94610000000000005
0.93862000000000001
0.91347999999999996
0.95199999999999996
0.95445999999999998
0.94240000000000002
0.95650000000000002
0.95008000000000004
0.93359999999999999
0.96006000000000002
0.96238000000000001
0.93896000000000002
0.95326
0.96231999999999995
0.96021999999999996
0.96330000000000005
0.96357999999999999
0.96711999999999998
0.96626000000000001
0.96748000000000001
0.96016000000000001
0.96738000000000002
0.96919999999999995
0.97240000000000004
0.96792
0.96882000000000001
0.97097999999999995
0.97326000000000001
0.96786000000000005
0.97087999999999997
0.97052000000000005
0.97658
0.97104000000000001
0.97816000000000003
0.97743999999999998
0.97330000000000005
0.97626000000000002
0.97250000000000003
0.97726000000000002
0.97960000000000003
0.97365999999999997
0.97824
0.97951999999999995
0.97963999999999996
0.97555999999999998
0.97699999999999998
0.97758
0.98089999999999999
0.97641999999999995
0.98046
0.98155999999999999
0.97604000000000002
0.97758
0.98150000000000004
0.98041999999999996
0.98018000000000005
0.97984000000000004
0.98219999999999996
0.98299999999999998
0.98175999999999997
0.98328000000000004
0.98129999999999995
0.98292000000000002
0.97992000000000001
0.98311999999999999
0.98170000000000002
0.98192000000000002
0.98338000000000003
0.97899999999999998
0.98065999999999998
0.98040000000000005
0.98226000000000002
0.98426000000000002
0.98426000000000002
0.98131999999999997
0.98448000000000002
0.98328000000000004
0.96970000000000001
0.98504000000000003
0.98343999999999998
0.98387999999999998
0.98453999999999997
0.98480000000000001
0.98477999999999999
0.98543999999999998
0.98506000000000005
0.98529999999999995
0.98258000000000001
0.98441999999999996
0.98436000000000001
0.98565999999999998
0.98124
0.98463999999999996
0.98531999999999997
0.98619999999999997
0.98440000000000005
0.98502000000000001
0.98602000000000001
0.98360000000000003
0.98595999999999995
0.98528000000000004
0.98473999999999995
0.98633999999999999
0.98451999999999995
0.98631999999999997
0.98616000000000004
0.98429999999999995
0.98595999999999995
0.98473999999999995
0.98692000000000002
0.98628000000000005
0.98672000000000004
0.98677999999999999
0.98719999999999997
0.98714000000000002
0.98741999999999996
0.98763999999999996
0.98692000000000002
0.98714000000000002
0.98770000000000002
0.98750000000000004
0.98565999999999998
0.98777999999999999
0.98712
0.98760000000000003
0.98763999999999996
0.98717999999999995
0.98585999999999996
0.98685999999999996
0.98746
0.98763999999999996
0.98794000000000004
0.98734
0.98768
0.98768
0.98716000000000004
0.98684000000000005
0.98775999999999997
0.98768
0.98804000000000003
0.98714000000000002
0.98809999999999998
0.98816000000000004
0.98809999999999998
0.98839999999999995
0.98721999999999999
0.98841999999999997
0.98826000000000003
0.98731999999999998
0.98831999999999998
0.98797999999999997
0.98850000000000005
0.98829999999999996
0.98862000000000005
0.98853999999999997
0.98836000000000002
0.98802000000000001
0.98806000000000005
0.98843999999999999
0.98872000000000004
0.98877999999999999
0.98812
0.98868
0.98882000000000003
0.98870000000000002
0.98816000000000004
0.98880000000000001
0.98882000000000003
0.98885999999999996
