0.32913999999999999
0.41321999999999998
0.61782000000000004
0.65617999999999999
0.68376000000000003
0.68557999999999997
0.73641999999999996
0.78222000000000003
0.78778000000000004
0.75641999999999998
0.80145999999999995
0.81308000000000002
0.85506000000000004
0.86426000000000003
0.85758000000000001
0.86392000000000002
0.86704000000000003
0.88288
0.81769999999999998
0.90181999999999995
0.89073999999999998
0.90815999999999997
0.9133
0.91510000000000002
0.92378000000000005
0.92034000000000005
0.91990000000000005
0.92413999999999996
0.90658000000000005
0.93530000000000002
0.92903999999999998
0.94030000000000002
0.93408000000000002
0.94016
0.94550000000000001
0.95187999999999995
0.91246000000000005
0.87070000000000003
0.94357999999999997
0.94516
0.96196000000000004
0.95367999999999997
0.95521999999999996
0.96099999999999997
0.94711999999999996
0.96352000000000004
0.95391999999999999
0.96240000000000003
0.95589999999999997
0.96294000000000002
0.96531999999999996
0.96120000000000005
0.96514
0.96708000000000005
0.96953999999999996
0.95282
0.96287999999999996
0.97211999999999998
0.96684000000000003
0.97263999999999995
0.97545999999999999
0.97253999999999996
0.97197999999999996
0.97448000000000001
0.97174000000000005
0.97482000000000002
0.97592000000000001
0.97746
0.97728000000000004
0.97674000000000005
0.97594000000000003
0.97785999999999995
0.97663999999999995
0.97741999999999996
0.97643999999999997
0.97984000000000004
0.97636000000000001
0.97214
0.98006000000000004
0.97958000000000001
0.97951999999999995
0.97751999999999994
0.98094000000000003
0.97833999999999999
0.98040000000000005
0.97916000000000003
0.98116000000000003
0.97440000000000004
0.97968
0.97894000000000003
0.98150000000000004
0.98165999999999998
0.98180000000000001
0.98243999999999998
0.98224
0.98233999999999999
0.98153999999999997
0.98284000000000005
0.98175999999999997
0.96557999999999999
0.98175999999999997
0.98240000000000005
0.98058000000000001
0.98182000000000003
0.97023999999999999
0.97907999999999995
0.98294000000000004
0.98038000000000003
0.98328000000000004
0.98387999999999998
0.98006000000000004
0.98170000000000002
0.98168
0.98380000000000001
0.98297999999999996
0.98402000000000001
0.97985999999999995
0.98380000000000001
0.98284000000000005
0.98314000000000001
0.98472000000000004
0.98299999999999998
0.9839
0.98285999999999996
0.98451999999999995
0.98421999999999998
0.98394000000000004
0.98270000000000002
0.98397999999999997
0.98519999999999996
0.98450000000000004
0.98029999999999995
0.98402000000000001
0.98375999999999997
0.98499999999999999
0.98524
0.98138000000000003
0.98548000000000002
0.98558000000000001
0.98499999999999999
0.98580000000000001
0.98418000000000005
0.98519999999999996
0.98602000000000001
0.98528000000000004
0.98614000000000002
0.98404000000000003
0.98363999999999996
0.98587999999999998
0.98609999999999998
0.98582000000000003
0.98540000000000005
0.98660000000000003
0.98677999999999999
0.98646
0.98585999999999996
0.98653999999999997
0.98614000000000002
0.98602000000000001
0.98653999999999997
0.98614000000000002
0.98572000000000004
0.98594000000000004
0.98640000000000005
0.98682000000000003
0.98638000000000003
0.98672000000000004
0.98609999999999998
0.98651999999999995
0.98640000000000005
0.98677999999999999
0.98658000000000001
0.98684000000000005
0.98699999999999999
0.98604000000000003
0.98351999999999995
0.98641999999999996
0.98626000000000003
0.98338000000000003
0.98750000000000004
0.98660000000000003
0.98751999999999995
0.98712
0.98746
0.98624000000000001
0.98614000000000002
0.9869
0.98741999999999996
0.98777999999999999
0.98734
0.98765999999999998
0.98780000000000001
0.98775999999999997
0.98729999999999996
0.98792000000000002
0.98734
0.98687999999999998
0.98641999999999996
0.98814000000000002
0.98804000000000003
