0.50107999999999997
0.46006000000000002
0.56174000000000002
0.69266000000000005
0.59914000000000001
0.70806000000000002
0.75126000000000004
0.74438000000000004
0.79661999999999999
0.82076000000000005
0.82562000000000002
0.8478
0.85438000000000003
0.84148000000000001
0.87375999999999998
0.84423999999999999
0.87358000000000002
0.87941999999999998
0.87919999999999998
0.90156000000000003
0.87483999999999995
0.90642
0.89254
0.90783999999999998
0.90417999999999998
0.92700000000000005
0.91466000000000003
0.93056000000000005
0.94130000000000003
0.92959999999999998
0.90656000000000003
0.93420000000000003
0.93603999999999998
0.93774000000000002
0.94288000000000005
0.94057999999999997
0.94691999999999998
0.94865999999999995
0.94921999999999995
0.93545999999999996
0.93020000000000003
0.96148
0.95094000000000001
0.96533999999999998
0.95333999999999997
0.95643999999999996
0.95408000000000004
0.96319999999999995
0.96696000000000004
0.96521999999999997
0.96394000000000002
0.96728000000000003
0.96814
0.95743999999999996
0.97389999999999999
0.96664000000000005
0.96696000000000004
0.97404000000000002
0.97441999999999995
0.97609999999999997
0.97565999999999997
0.97389999999999999
0.97489999999999999
0.97563999999999995
0.97687999999999997
0.97541999999999995
0.96941999999999995
0.97738000000000003
0.97682000000000002
0.97626000000000002
0.97921999999999998
0.97596000000000005
0.97997999999999996
0.96121999999999996
0.97804000000000002
0.98007999999999995
0.97707999999999995
0.97860000000000003
0.98072000000000004
0.98002
0.97282000000000002
0.98060000000000003
0.98124
0.97755999999999998
0.97940000000000005
0.97516000000000003
0.98011999999999999
0.97992000000000001
0.97792000000000001
0.98216000000000003
0.97987999999999997
0.97984000000000004
0.98002
0.97997999999999996
0.98231999999999997
0.98009999999999997
0.98126000000000002
0.98084000000000005
0.98246
0.97599999999999998
0.98168
0.98331999999999997
0.98326000000000002
0.98199999999999998
0.98346
0.98370000000000002
0.98341999999999996
0.97482000000000002
0.98319999999999996
0.98272000000000004
0.98309999999999997
0.98346
0.98440000000000005
0.98450000000000004
0.98368
0.98263999999999996
0.98448000000000002
0.98433999999999999
0.98429999999999995
0.98438000000000003
0.98428000000000004
0.98429999999999995
0.98375999999999997
0.98399999999999999
0.98240000000000005
0.98507999999999996
0.98382000000000003
0.98499999999999999
0.98460000000000003
0.98440000000000005
0.98394000000000004
0.98465999999999998
0.98099999999999998
0.98453999999999997
0.98504000000000003
0.98411999999999999
0.98384000000000005
0.98458000000000001
0.98377999999999999
0.98394000000000004
0.98262000000000005
0.98429999999999995
0.98555999999999999
0.98575999999999997
0.98577999999999999
0.98531999999999997
0.98606000000000005
0.98570000000000002
0.98453999999999997
0.98406000000000005
0.98631999999999997
0.98582000000000003
0.98550000000000004
0.98592000000000002
0.98504000000000003
0.98612
0.98629999999999995
0.98580000000000001
0.98633999999999999
0.98609999999999998
0.98563999999999996
0.98155999999999999
0.98548000000000002
0.98609999999999998
0.98606000000000005
0.98638000000000003
0.98543999999999998
0.98653999999999997
0.98514000000000002
0.98663999999999996
0.98670000000000002
0.98677999999999999
0.98629999999999995
0.98712
0.98551999999999995
0.98663999999999996
0.98704000000000003
0.98682000000000003
0.98685999999999996
0.98721999999999999
0.98726000000000003
0.98707999999999996
0.98719999999999997
0.98717999999999995
0.98687999999999998
0.98719999999999997
0.98692000000000002
0.98702000000000001
0.98704000000000003
0.98740000000000006
0.98465999999999998
0.98719999999999997
0.98755999999999999
0.98751999999999995
0.98773999999999995
0.98751999999999995
0.98770000000000002
0.98763999999999996
0.98780000000000001
0.98728000000000005
