0.48468
0.54549999999999998
0.59096000000000004
0.63707999999999998
0.68833999999999995
0.72397999999999996
0.74939999999999996
0.76237999999999995
0.77580000000000005
0.73972000000000004
0.79705999999999999
0.80735999999999997
0.84289999999999998
0.85246
0.85470000000000002
0.86719999999999997
0.83772000000000002
0.88666
0.90166000000000002
0.87802000000000002
0.82394000000000001
0.90868000000000004
0.90434000000000003
0.86138000000000003
0.88270000000000004
0.91742000000000001
0.93113999999999997
0.92791999999999997
0.92179999999999995
0.91571999999999998
0.92025999999999997
0.94779999999999998
0.93988000000000005
0.92579999999999996
0.94198000000000004
0.95157999999999998
0.94159999999999999
0.95489999999999997
0.95552000000000004
0.95652000000000004
0.94967999999999997
0.96101999999999999
0.95731999999999995
0.95850000000000002
0.93064000000000002
0.96552000000000004
0.96499999999999997
0.96419999999999995
0.95469999999999999
0.96031999999999995
0.95855999999999997
0.96435999999999999
0.96894000000000002
0.96492
0.97108000000000005
0.96904000000000001
0.95431999999999995
0.96750000000000003
0.97353999999999996
0.97352000000000005
0.97538000000000002
0.97482000000000002
0.97206000000000004
0.94374000000000002
0.97658
0.96672000000000002
0.97172000000000003
0.97158
0.97767999999999999
0.97521999999999998
0.97167999999999999
0.97165999999999997
0.97762000000000004
0.97567999999999999
0.98007999999999995
0.97785999999999995
0.97762000000000004
0.97714000000000001
0.97867999999999999
0.97933999999999999
0.98126000000000002
0.97951999999999995
0.98248000000000002
0.97943999999999998
0.97965999999999998
0.97870000000000001
0.97999999999999998
0.98202
0.98187999999999998
0.98360000000000003
0.98099999999999998
0.97765999999999997
0.98226000000000002
0.98324
0.98280000000000001
0.98353999999999997
0.98338000000000003
0.98363999999999996
0.98336000000000001
0.98384000000000005
0.98224
0.98353999999999997
0.98348000000000002
0.98248000000000002
0.98241999999999996
0.98265999999999998
0.98184000000000005
0.98311999999999999
0.98231999999999997
0.98394000000000004
0.98407999999999995
0.98362000000000005
0.9819
0.98392000000000002
0.98224
0.98446
0.98397999999999997
0.98524
0.98455999999999999
0.98562000000000005
0.98475999999999997
0.98495999999999995
0.98546
0.98575999999999997
0.98418000000000005
0.98492000000000002
0.98553999999999997
0.98451999999999995
0.98526000000000002
0.98575999999999997
0.98602000000000001
0.98551999999999995
0.98577999999999999
0.98151999999999995
0.98199999999999998
0.98582000000000003
0.98218000000000005
0.98577999999999999
0.98440000000000005
0.98209999999999997
0.98536000000000001
0.98597999999999997
0.98606000000000005
0.98665999999999998
0.98606000000000005
0.98617999999999995
0.98677999999999999
0.98704000000000003
0.98658000000000001
0.98495999999999995
0.98704000000000003
0.98675999999999997
0.98575999999999997
0.98704000000000003
0.98697999999999997
0.98706000000000005
0.98540000000000005
0.98646
0.98660000000000003
0.98740000000000006
0.98716000000000004
0.98706000000000005
0.98626000000000003
0.98699999999999999
0.98704000000000003
0.98751999999999995
0.98748000000000002
0.98706000000000005
0.98684000000000005
0.98651999999999995
0.98753999999999997
0.98653999999999997
0.98441999999999996
0.98707999999999996
0.98621999999999999
0.98694000000000004
0.98675999999999997
0.98675999999999997
0.98750000000000004
0.98631999999999997
0.98784000000000005
0.98631999999999997
0.98795999999999995
0.98795999999999995
0.98607999999999996
0.98702000000000001
0.98792000000000002
0.98677999999999999
0.98614000000000002
0.98665999999999998
0.98812
0.9879
0.98836000000000002
0.98809999999999998
0.98831999999999998
0.98775999999999997
0.98726000000000003
0.98821999999999999
0.98782000000000003
0.98846000000000001
