6.616399884223937988e-01
7.573599815368652344e-01
8.781200051307678223e-01
9.062799811363220215e-01
9.248800277709960938e-01
9.398400187492370605e-01
9.410399794578552246e-01
9.538000226020812988e-01
9.597600102424621582e-01
9.685199856758117676e-01
9.717199802398681641e-01
9.707599878311157227e-01
9.778000116348266602e-01
9.805200099945068359e-01
9.683600068092346191e-01
9.844800233840942383e-01
9.710000157356262207e-01
9.803599715232849121e-01
9.878000020980834961e-01
9.784799814224243164e-01
9.882799983024597168e-01
9.777200222015380859e-01
9.904000163078308105e-01
9.905200004577636719e-01
9.922800064086914062e-01
9.856399893760681152e-01
9.947599768638610840e-01
9.807199835777282715e-01
9.941999912261962891e-01
9.956799745559692383e-01
