7.294399738311767578e-01
8.784400224685668945e-01
9.041200280189514160e-01
9.327200055122375488e-01
9.346399903297424316e-01
9.490399956703186035e-01
9.612399935722351074e-01
9.665200114250183105e-01
9.611600041389465332e-01
9.710800051689147949e-01
9.767600297927856445e-01
9.765999913215637207e-01
9.510400295257568359e-01
9.797199964523315430e-01
9.839199781417846680e-01
9.777600169181823730e-01
9.864000082015991211e-01
9.805200099945068359e-01
9.862400293350219727e-01
9.872400164604187012e-01
9.893599748611450195e-01
9.914399981498718262e-01
9.898399710655212402e-01
9.930400252342224121e-01
9.944400191307067871e-01
9.948400259017944336e-01
9.905200004577636719e-01
9.944400191307067871e-01
9.845200181007385254e-01
9.952399730682373047e-01
