7.215200066566467285e-01
8.616399765014648438e-01
9.060000181198120117e-01
9.295200109481811523e-01
9.354000091552734375e-01
9.538000226020812988e-01
9.551200270652770996e-01
9.640399813652038574e-01
9.704800248146057129e-01
9.736800193786621094e-01
9.745200276374816895e-01
9.783599972724914551e-01
9.706400036811828613e-01
9.749600291252136230e-01
9.824799895286560059e-01
9.867200255393981934e-01
9.882000088691711426e-01
9.835199713706970215e-01
9.897199869155883789e-01
9.917200207710266113e-01
9.825599789619445801e-01
9.930800199508666992e-01
9.930400252342224121e-01
9.933999776840209961e-01
9.704800248146057129e-01
9.945200085639953613e-01
9.946799874305725098e-01
9.894800186157226562e-01
9.928399920463562012e-01
9.963600039482116699e-01
