7.591199874877929688e-01
8.664000034332275391e-01
9.070799946784973145e-01
9.336000084877014160e-01
9.387199878692626953e-01
9.408400058746337891e-01
9.599199891090393066e-01
9.683200120925903320e-01
9.694399833679199219e-01
9.753199815750122070e-01
9.703599810600280762e-01
9.780399799346923828e-01
9.785599708557128906e-01
9.851599931716918945e-01
9.791600108146667480e-01
9.844400286674499512e-01
9.860399961471557617e-01
9.811199903488159180e-01
9.904400110244750977e-01
9.828400015830993652e-01
9.925600290298461914e-01
9.930400252342224121e-01
9.922000169754028320e-01
9.755200147628784180e-01
9.937999844551086426e-01
9.937599897384643555e-01
9.575600028038024902e-01
9.956399798393249512e-01
9.959599971771240234e-01
9.968400001525878906e-01
