7.166399955749511719e-01
8.342400193214416504e-01
8.871999979019165039e-01
9.055200219154357910e-01
9.345999956130981445e-01
9.399600028991699219e-01
9.527599811553955078e-01
9.572799801826477051e-01
9.667999744415283203e-01
9.685199856758117676e-01
9.753199815750122070e-01
9.752799868583679199e-01
9.797199964523315430e-01
9.753999710083007812e-01
9.844400286674499512e-01
9.853199720382690430e-01
9.866799712181091309e-01
9.791200160980224609e-01
9.879599809646606445e-01
9.908000230789184570e-01
9.836000204086303711e-01
9.924399852752685547e-01
9.925600290298461914e-01
9.932399988174438477e-01
9.908800125122070312e-01
9.897999763488769531e-01
9.940000176429748535e-01
9.637200236320495605e-01
9.942799806594848633e-01
9.807199835777282715e-01
