0.36802000000000001
0.66705999999999999
0.74560000000000004
0.86243999999999998
0.90359999999999996
0.86146
0.92993999999999999
0.88304000000000005
0.71565999999999996
0.93891999999999998
0.97555999999999998
0.97784000000000004
0.98126000000000002
0.98284000000000005
0.98702000000000001
0.98563999999999996
0.98368
0.98714000000000002
0.98892000000000002
0.99221999999999999
0.98946000000000001
0.98973999999999995
0.99473999999999996
0.99346000000000001
0.99628000000000005
0.99041999999999997
0.99714000000000003
0.99809999999999999
0.99912000000000001
0.99805999999999995
0.99756
0.99204000000000003
0.99773999999999996
0.99875999999999998
0.99939999999999996
0.99314000000000002
0.99714000000000003
0.99978
0.99990000000000001
1
1
1
1
1
1
1
1
1
1
1
1
1
1
1
1
1
1
1
1
1
1
1
1
1
1
1
1
1
1
1
1
1
1
1
1
1
1
1
1
1
1
1
1
1
1
1
1
1
1
1
1
1
1
1
1
1
1
1
1
1
1
1
1
1
1
1
1
1
1
1
1
1
1
1
1
1
1
1
1
1
1
1
1
1
1
1
1
1
1
1
1
1
1
1
1
1
1
1
1
1
1
1
1
1
1
1
1
1
1
1
1
1
1
1
1
1
1
1
1
1
1
1
1
1
1
1
1
1
1
1
1
1
1
1
1
1
1
1
1
1
1
1
1
1
1
1
1
1
1
1
1
1
1
1
1
1
1
1
1
1
