0.41221999999999998
0.59118000000000004
0.83064000000000004
0.85329999999999995
0.76470000000000005
0.89205999999999996
0.85860000000000003
0.83692
0.95174000000000003
0.96662000000000003
0.97675999999999996
0.98258000000000001
0.97072000000000003
0.98102
0.98607999999999996
0.98499999999999999
0.98638000000000003
0.99034
0.98917999999999995
0.99268000000000001
0.99268000000000001
0.99283999999999994
0.99653999999999998
0.99651999999999996
0.99875999999999998
0.99587999999999999
0.99597999999999998
0.99487999999999999
0.998
0.99783999999999995
0.99519999999999997
0.99739999999999995
0.99831999999999999
0.99765999999999999
0.99392000000000003
0.99880000000000002
0.99707999999999997
0.99824000000000002
0.99917999999999996
0.99936000000000003
0.99919999999999998
0.99985999999999997
1
1
1
1
1
1
1
1
1
1
1
1
1
1
1
1
1
1
1
1
1
1
1
1
1
1
1
1
1
1
1
1
1
1
1
1
1
1
1
1
1
1
1
1
1
1
1
1
1
1
1
1
1
1
1
1
1
1
1
1
1
1
1
1
1
1
1
1
1
1
1
1
1
1
1
1
1
1
1
1
1
1
1
1
1
1
1
1
1
1
1
1
1
1
1
1
1
1
1
1
1
1
1
1
1
1
1
1
1
1
1
1
1
1
1
1
1
1
1
1
1
1
1
1
1
1
1
1
1
1
1
1
1
1
1
1
1
1
1
1
1
1
1
1
1
1
1
1
1
1
1
1
1
1
1
1
1
1
