0.38150000000000001
0.65464
0.78071999999999997
0.80369999999999997
0.79442000000000002
0.87234
0.92608000000000001
0.92793999999999999
0.94430000000000003
0.96474000000000004
0.96811999999999998
0.97994000000000003
0.98250000000000004
0.98316000000000003
0.98304000000000002
0.98968
0.98806000000000005
0.99219999999999997
0.99187999999999998
0.99068000000000001
0.99161999999999995
0.99385999999999997
0.99409999999999998
0.99783999999999995
0.99216000000000004
0.99678
0.95694000000000001
0.99314000000000002
0.99660000000000004
0.99758000000000002
0.99668000000000001
0.99583999999999995
0.99787999999999999
0.99705999999999995
0.99865999999999999
0.99822
0.99768000000000001
0.99826000000000004
0.99929999999999997
0.99878
0.99951999999999996
0.99950000000000006
0.99968000000000001
0.99980000000000002
0.99924000000000002
0.99931999999999999
0.99463999999999997
0.99695999999999996
0.99894000000000005
0.99919999999999998
1
1
1
1
1
1
1
1
1
1
1
1
1
1
1
1
1
1
1
1
1
1
1
1
1
1
1
1
1
1
1
1
1
1
1
1
1
1
1
1
1
1
1
1
1
1
1
1
1
1
1
1
1
1
1
1
1
1
1
1
1
1
1
1
1
1
1
1
1
1
1
1
1
1
1
1
1
1
1
1
1
1
1
1
1
1
1
1
1
1
1
1
1
1
1
1
1
1
1
1
1
1
1
1
1
1
1
1
1
1
1
1
1
1
1
1
1
1
1
1
1
1
1
1
1
1
1
1
1
1
1
1
1
1
1
1
1
1
1
1
1
1
1
1
1
1
1
1
1
1
