0.39698
0.70494000000000001
0.79468000000000005
0.85941999999999996
0.89078000000000002
0.82364000000000004
0.63873999999999997
0.83886000000000005
0.85348000000000002
0.97130000000000005
0.9728
0.96845999999999999
0.98428000000000004
0.98197999999999996
0.98636000000000001
0.98592000000000002
0.98717999999999995
0.99294000000000004
0.99409999999999998
0.99034
0.99239999999999995
0.99531999999999998
0.99292000000000002
0.99334
0.99656
0.99229999999999996
0.99556
0.99670000000000003
0.99807999999999997
0.99705999999999995
0.99702000000000002
0.99702000000000002
0.99870000000000003
0.99531999999999998
0.99824000000000002
0.99702000000000002
0.99851999999999996
0.99926000000000004
0.99985999999999997
1
1
1
1
1
1
1
1
1
1
1
1
1
1
1
1
1
1
1
1
1
1
1
1
1
1
1
1
1
1
1
1
1
1
1
1
1
1
1
1
1
1
1
1
1
1
1
1
1
1
1
1
1
1
1
1
1
1
1
1
1
1
1
1
1
1
1
1
1
1
1
1
1
1
1
1
1
1
1
1
1
1
1
1
1
1
1
1
1
1
1
1
1
1
1
1
1
1
1
1
1
1
1
1
1
1
1
1
1
1
1
1
1
1
1
1
1
1
1
1
1
1
1
1
1
1
1
1
1
1
1
1
1
1
1
1
1
1
1
1
1
1
1
1
1
1
1
1
1
1
1
1
1
1
1
1
1
1
1
1
1
