0.39379999999999998
0.6069
0.84074000000000004
0.82887999999999995
0.76217999999999997
0.91835999999999995
0.86778
0.90269999999999995
0.96397999999999995
0.96796000000000004
0.97633999999999999
0.98136000000000001
0.97867999999999999
0.97882000000000002
0.98740000000000006
0.98582000000000003
0.98865999999999998
0.99161999999999995
0.98906000000000005
0.99287999999999998
0.99417999999999995
0.99524000000000001
0.99099999999999999
0.99641999999999997
0.99634
0.99012
0.99751999999999996
0.99707999999999997
0.99553999999999998
0.99868000000000001
0.99960000000000004
0.99985999999999997
1
1
1
1
1
1
1
1
1
1
1
1
1
1
1
1
1
1
1
1
1
1
1
1
1
1
1
1
1
1
1
1
1
1
1
1
1
1
1
1
1
1
1
1
1
1
1
1
1
1
1
1
1
1
1
1
1
1
1
1
1
1
1
1
1
1
1
1
1
1
1
1
1
1
1
1
1
1
1
1
1
1
1
1
1
1
1
1
1
1
1
1
1
1
1
1
1
1
1
1
1
1
1
1
1
1
1
1
1
1
1
1
1
1
1
1
1
1
1
1
1
1
1
1
1
1
1
1
1
1
1
1
1
1
1
1
1
1
1
1
1
1
1
1
1
1
1
1
1
1
1
1
1
1
1
1
1
1
1
1
1
1
1
1
1
1
1
1
