7.827600000000000113e-01
8.473199999999999621e-01
8.759599999999999609e-01
9.003600000000000492e-01
9.089199999999999502e-01
9.025999999999999579e-01
9.269199999999999662e-01
9.297600000000000309e-01
9.527999999999999803e-01
9.529999999999999583e-01
9.577599999999999447e-01
9.196800000000000530e-01
9.627200000000000202e-01
9.632800000000000251e-01
9.636000000000000121e-01
9.597200000000000175e-01
9.601600000000000135e-01
9.888400000000000523e-01
9.927200000000000468e-01
9.936399999999999677e-01
9.928000000000000158e-01
9.705599999999999783e-01
9.732399999999999940e-01
9.813199999999999701e-01
9.966000000000000414e-01
9.976000000000000423e-01
9.960799999999999654e-01
9.979200000000000292e-01
9.998399999999999510e-01
9.922400000000000109e-01
