7.312800000000000411e-01
8.433199999999999585e-01
8.532800000000000384e-01
8.803600000000000314e-01
9.047199999999999687e-01
9.073999999999999844e-01
9.276400000000000201e-01
9.322799999999999976e-01
9.449999999999999512e-01
9.575200000000000378e-01
9.621600000000000152e-01
9.640400000000000080e-01
9.653599999999999959e-01
9.545599999999999641e-01
9.777200000000000335e-01
9.529600000000000293e-01
9.818799999999999750e-01
9.951600000000000446e-01
9.943199999999999816e-01
9.941200000000000037e-01
9.719600000000000461e-01
9.688799999999999635e-01
9.925599999999999978e-01
9.877599999999999714e-01
9.824000000000000510e-01
9.870400000000000285e-01
9.676000000000000156e-01
9.736799999999999899e-01
9.988799999999999901e-01
9.986000000000000432e-01
