7.730399999999999494e-01
8.444800000000000084e-01
8.592400000000000038e-01
8.669200000000000239e-01
9.067600000000000104e-01
9.156800000000000495e-01
9.130000000000000338e-01
9.108800000000000230e-01
9.024400000000000199e-01
9.275999999999999801e-01
9.450399999999999912e-01
9.618400000000000283e-01
9.616400000000000503e-01
9.347600000000000353e-01
9.672800000000000287e-01
9.524399999999999533e-01
9.621199999999999752e-01
9.845599999999999907e-01
9.948799999999999866e-01
9.902800000000000491e-01
9.983600000000000252e-01
9.956399999999999695e-01
9.841600000000000348e-01
9.994800000000000351e-01
9.980400000000000382e-01
9.978799999999999892e-01
9.921200000000000019e-01
9.988000000000000211e-01
9.970799999999999663e-01
9.981200000000000072e-01
