6.981600000000000028e-01
8.196400000000000352e-01
8.553600000000000092e-01
8.917199999999999571e-01
8.779200000000000337e-01
9.230800000000000116e-01
9.324799999999999756e-01
9.407999999999999696e-01
9.200000000000000400e-01
9.160399999999999654e-01
9.566400000000000459e-01
9.627599999999999492e-01
9.699200000000000044e-01
9.722800000000000331e-01
9.557200000000000140e-01
9.759999999999999787e-01
9.827599999999999669e-01
9.551199999999999690e-01
9.861600000000000366e-01
9.902400000000000091e-01
9.933600000000000207e-01
9.747999999999999998e-01
9.947599999999999776e-01
9.853199999999999736e-01
9.944800000000000306e-01
9.954800000000000315e-01
9.976399999999999713e-01
9.994399999999999951e-01
9.998000000000000220e-01
9.996000000000000441e-01
