7.129199999999999982e-01
8.322000000000000508e-01
8.715199999999999614e-01
8.798399999999999554e-01
8.546799999999999953e-01
9.146400000000000086e-01
9.287199999999999900e-01
9.367199999999999971e-01
9.411599999999999966e-01
9.005199999999999871e-01
9.596799999999999775e-01
9.659200000000000008e-01
9.585200000000000387e-01
9.417999999999999705e-01
9.614000000000000323e-01
9.892800000000000482e-01
9.838799999999999768e-01
9.952400000000000135e-01
9.941999999999999726e-01
9.915199999999999569e-01
9.699999999999999734e-01
9.977599999999999802e-01
9.989200000000000301e-01
9.991999999999999771e-01
9.988000000000000211e-01
9.995600000000000041e-01
9.988000000000000211e-01
9.996000000000000441e-01
9.956399999999999695e-01
9.901200000000000001e-01
