0.9103833333969116
0.9387000000317891
0.9513000000635783
0.9583666667302450
0.9632833333969116
0.9664166667302450
0.9686666667302449
0.9706500000635783
0.9723000000317892
0.9737166666984558
0.9748500000317891
0.9761666666984559
0.9768666666984558
0.9774833333651225
0.9781166666984558
0.9787000000317891
0.9793333333969116
0.9798166667302449
0.9805000000635783
0.9810833333969117
0.9816166667302449
0.9821333333969117
0.9824666667302450
0.9828333333969116
0.9832000000635783
0.9837000000635783
0.9840833333969117
0.9843166667302450
0.9846666667302449
0.9848833333969116
0.9851166667302450
0.9852833333969117
0.9856166667302450
0.9857833333969116
0.9861000000635783
0.9863666667302450
0.9865500000635783
0.9868333333969116
0.9872333333969117
0.9874833333969116
0.9877166667302449
0.9879166667302449
0.9881333333969117
0.9883333333969117
0.9884833333969116
0.9886666667302449
0.9888500000635783
0.9889500000635782
0.9891000000635782
0.9892833333969117
0.9893000000635783
0.9894333333969116
0.9895333333969116
0.9896666667302449
0.9898500000635783
0.9899333333969116
0.9900333333969116
0.9902000000635783
0.9902666667302450
0.9903000000635783
0.9903333333969117
0.9904000000635783
0.9904833333969116
0.9906500000635783
0.9907333333969116
0.9908666667302449
0.9910000000635782
0.9910833333969116
0.9911666667302450
0.9913166667302450
0.9913500000635783
0.9914000000635783
0.9915333333969116
0.9915666667302450
0.9916500000635783
0.9917166667302449
0.9918000000635783
0.9918500000635783
0.9919166667302449
0.9920166667302449
0.9921000000635782
0.9921666667302450
0.9922833333969117
0.9924000000635783
0.9925000000635783
0.9926166667302450
0.9926500000635783
0.9927666667302449
0.9928333333969116
0.9928333333969116
0.9929500000635783
0.9929666667302449
0.9929833333969116
0.9930000000635782
0.9930666667302449
0.9930833333969116
0.9930833333969116
0.9932166667302450
0.9932833333969117
0.9933166667302450
0.9934000000635783
0.9934666667302450
0.9935000000635783
0.9935333333969116
0.9935833333969116
0.9936500000635783
0.9937166667302449
0.9937833333969116
0.9938166667302449
0.9938500000635783
0.9938666667302449
0.9939333333969116
0.9939666667302449
0.9940166667302449
0.9941000000635782
0.9941666667302450
0.9942666667302450
0.9942666667302450
0.9942833333969117
0.9944000000635783
0.9944000000635783
0.9944500000635783
0.9945000000635783
0.9946000000635783
0.9946666667302450
0.9946666667302450
0.9947000000635783
0.9947666667302449
0.9948000000635783
0.9948166667302449
0.9948333333969116
0.9948333333969116
0.9948833333969116
0.9949166667302449
0.9949666667302449
0.9950500000635782
0.9950666667302449
0.9950666667302449
0.9950666667302449
0.9951000000635782
0.9950833333969116
0.9951333333969116
0.9951666667302450
0.9951666667302450
0.9951833333969117
0.9952166667302450
0.9952666667302450
0.9952666667302450
0.9952500000635783
0.9953166667302450
0.9953500000635783
0.9954000000635783
0.9954333333969116
0.9954500000635783
0.9954500000635783
0.9954666667302450
0.9954666667302450
0.9955000000635783
0.9955500000635783
0.9955500000635783
0.9956000000635783
0.9956166667302450
0.9956333333969116
0.9956333333969116
0.9956833333969116
0.9957000000635783
0.9957166667302449
0.9957500000635783
0.9957833333969116
0.9957500000635783
0.9958000000635783
0.9958666667302449
0.9959166667302449
0.9959500000635783
0.9959500000635783
0.9959833333969116
0.9960166667302449
0.9960333333969116
0.9960333333969116
0.9960500000635782
0.9960333333969116
0.9960500000635782
0.9960666667302449
0.9961166667302449
0.9961500000635782
0.9962000000635783
0.9962166667302450
0.9962166667302450
0.9962833333969117
0.9962833333969117
0.9963666667302450
0.9964666667302450
0.9964333333969116
0.9964500000635783
0.9964666667302450
0.9965000000635783
0.9965333333969116
0.9965666667302450
0.9965666667302450
0.9966000000635783
