0.9233666667302449
0.9464333333969116
0.9557833333651224
0.9615666666984558
0.9651833333651225
0.9681500000635783
0.9697166667302449
0.9720166667302450
0.9734833333969116
0.9749333333969116
0.9760000000635782
0.9771333333969117
0.9781333333969117
0.9789833333969116
0.9798166667302449
0.9807500000635783
0.9812166667302450
0.9817500000635783
0.9823000000635783
0.9827166667302449
0.9831500000635783
0.9836000000635783
0.9841000000635783
0.9843833333969116
0.9848333333969116
0.9852333333969117
0.9855500000635783
0.9857333333969116
0.9861833333969117
0.9863833333969116
0.9865833333969116
0.9866833333969116
0.9870666667302449
0.9873166667302450
0.9874500000635783
0.9876833333969116
0.9879666667302449
0.9880833333969116
0.9883666667302450
0.9885666667302450
0.9888000000635783
0.9890333333969116
0.9891666667302450
0.9893500000635783
0.9894666667302450
0.9895333333969116
0.9896833333969116
0.9897666667302449
0.9899166667302449
0.9901000000635782
0.9903000000635783
0.9904166667302450
0.9905333333969116
0.9906166667302450
0.9908000000635783
0.9908833333969116
0.9910666667302449
0.9911666667302450
0.9912666667302450
0.9913166667302450
0.9913666667302450
0.9915333333969116
0.9915666667302450
0.9915833333969116
0.9916666667302450
0.9917500000635783
0.9918833333969116
0.9919500000635783
0.9920333333969116
0.9920833333969116
0.9921166667302449
0.9922500000635783
0.9923333333969117
0.9924000000635783
0.9924833333969116
0.9925500000635783
0.9925833333969116
0.9926333333969116
0.9927500000635783
0.9928000000635783
0.9929000000635783
0.9929166667302449
0.9929666667302449
0.9929666667302449
0.9929833333969116
0.9930333333969116
0.9931166667302449
0.9932500000635783
0.9933333333969117
0.9933500000635783
0.9934000000635783
0.9934166667302450
0.9934500000635783
0.9934666667302450
0.9935666667302450
0.9935833333969116
0.9936166667302450
0.9936500000635783
0.9936666667302450
0.9937166667302449
0.9937000000635783
0.9938000000635783
0.9938166667302449
0.9939333333969116
0.9939333333969116
0.9940500000635782
0.9940833333969116
0.9941166667302449
0.9942333333969117
0.9943000000635783
0.9943333333969117
0.9944000000635783
0.9944500000635783
0.9944666667302450
0.9945000000635783
0.9945666667302450
0.9945666667302450
0.9946166667302450
0.9947000000635783
0.9947333333969116
0.9947833333969116
0.9948000000635783
0.9948333333969116
0.9949166667302449
0.9949500000635783
0.9949666667302449
0.9950166667302449
0.9950666667302449
0.9950666667302449
0.9951166667302449
0.9951166667302449
0.9951500000635782
0.9951833333969117
0.9952333333969117
0.9953000000635783
0.9953166667302450
0.9953333333969117
0.9953666667302450
0.9954500000635783
0.9954833333969116
0.9955000000635783
0.9955166667302450
0.9955500000635783
0.9955666667302450
0.9956333333969116
0.9957000000635783
0.9957333333969116
0.9957333333969116
0.9957500000635783
0.9957833333969116
0.9958166667302449
0.9958333333969116
0.9958666667302449
0.9959166667302449
0.9959333333969116
0.9959666667302449
0.9959666667302449
0.9959666667302449
0.9959833333969116
0.9960333333969116
0.9960500000635782
0.9960833333969116
0.9961000000635782
0.9961500000635782
0.9962333333969117
0.9962666667302450
0.9962666667302450
0.9962833333969117
0.9963000000635783
0.9963333333969117
0.9963500000635783
0.9963666667302450
0.9963833333969117
0.9963833333969117
0.9964166667302450
0.9964166667302450
0.9964166667302450
0.9964500000635783
0.9964833333969116
0.9965166667302450
0.9965500000635783
0.9965666667302450
0.9965833333969116
0.9966000000635783
0.9966166667302450
0.9966333333969116
0.9966500000635783
0.9966666667302450
0.9966500000635783
0.9967000000635783
0.9967000000635783
0.9967166667302449
0.9967166667302449
0.9967333333969116
0.9967666667302449
0.9967666667302449
0.9967833333969116
0.9968166667302449
0.9968500000635783
0.9968500000635783
