0.9230500000000000
0.9501500000000001
0.9596666666666667
0.9645166666984558
0.9683000000317892
0.9710333333651224
0.9730833333651224
0.9750500000317891
0.9764500000317892
0.9777333333651225
0.9786666666984558
0.9795666666984558
0.9801666666984558
0.9810166666984558
0.9816833333651225
0.9823166667302450
0.9829833333969116
0.9835500000635783
0.9839833333969116
0.9844000000635783
0.9847833333969116
0.9850500000635782
0.9855333333969116
0.9858000000635783
0.9861166667302450
0.9862833333969117
0.9865833333969116
0.9868000000635783
0.9871666667302450
0.9873500000635783
0.9876500000635783
0.9877833333969116
0.9879333333969116
0.9880666667302449
0.9883166667302450
0.9884333333969116
0.9885833333969116
0.9887000000635783
0.9889166667302449
0.9891333333969117
0.9893166667302450
0.9895000000635783
0.9896333333969116
0.9897166667302449
0.9899333333969116
0.9900666667302449
0.9901333333969117
0.9902833333969117
0.9904500000635783
0.9906666667302449
0.9908000000635783
0.9908833333969116
0.9909833333969116
0.9910166667302449
0.9910333333969116
0.9912000000635783
0.9912833333969117
0.9913500000635783
0.9914500000635783
0.9916000000635783
0.9917666667302449
0.9918500000635783
0.9919833333969116
0.9920500000635782
0.9920833333969116
0.9921500000635783
0.9922500000635783
0.9922833333969117
0.9923666667302450
0.9924333333969116
0.9925333333969116
0.9927000000635783
0.9927333333969116
0.9928000000635783
0.9928833333969116
0.9929166667302449
0.9930333333969116
0.9930666667302449
0.9931666667302450
0.9932833333969117
0.9932833333969117
0.9933666667302450
0.9934333333969116
0.9935000000635783
0.9935333333969116
0.9936500000635783
0.9936500000635783
0.9937166667302449
0.9937166667302449
0.9937500000635783
0.9938000000635783
0.9938333333969116
0.9938666667302449
0.9939000000635783
0.9939333333969116
0.9939333333969116
0.9940000000635782
0.9940333333969116
0.9940666667302449
0.9941333333969116
0.9941500000635783
0.9942333333969117
0.9942666667302450
0.9942666667302450
0.9942833333969117
0.9943166667302450
0.9943666667302450
0.9944166667302450
0.9944500000635783
0.9944833333969116
0.9945166667302450
0.9945833333969116
0.9945833333969116
0.9946333333969116
0.9946333333969116
0.9946666667302450
0.9947833333969116
0.9947833333969116
0.9948000000635783
0.9948666667302449
0.9948666667302449
0.9949500000635783
0.9950000000635782
0.9950666667302449
0.9950500000635782
0.9951166667302449
0.9951666667302450
0.9951666667302450
0.9951833333969117
0.9951666667302450
0.9952166667302450
0.9952333333969117
0.9952166667302450
0.9952166667302450
0.9952166667302450
0.9952000000635783
0.9952166667302450
0.9952500000635783
0.9953166667302450
0.9953666667302450
0.9953666667302450
0.9954166667302450
0.9954500000635783
0.9954833333969116
0.9954500000635783
0.9955500000635783
0.9955666667302450
0.9956333333969116
0.9956500000635783
0.9956333333969116
0.9956666667302450
0.9956333333969116
0.9956833333969116
0.9956833333969116
0.9957166667302449
0.9957000000635783
0.9957166667302449
0.9957333333969116
0.9957666667302449
0.9957833333969116
0.9958166667302449
0.9958833333969116
0.9958666667302449
0.9959000000635783
0.9959166667302449
0.9959500000635783
0.9959166667302449
0.9959666667302449
0.9959833333969116
0.9959666667302449
0.9960000000635783
0.9960000000635783
0.9960333333969116
0.9960500000635782
0.9960666667302449
0.9961000000635782
0.9961166667302449
0.9961166667302449
0.9961166667302449
0.9961333333969116
0.9961166667302449
0.9961666667302450
0.9962000000635783
0.9962000000635783
0.9962166667302450
0.9962333333969117
0.9962333333969117
0.9962666667302450
0.9962666667302450
0.9962500000635783
0.9963000000635783
0.9963500000635783
0.9963666667302450
0.9963833333969117
0.9963833333969117
0.9963666667302450
0.9964000000635783
0.9964166667302450
0.9964333333969116
0.9964333333969116
