0.9125000000635783
0.9413500000317891
0.9540666666984559
0.9615833333651225
0.9666000000317891
0.9694666666984558
0.9719166666984558
0.9741000000317891
0.9759166667302449
0.9773000000635783
0.9783833333969116
0.9792666667302450
0.9799666667302449
0.9806666667302449
0.9814166667302450
0.9820333333969116
0.9827333333969116
0.9832166667302450
0.9835333333969116
0.9840333333969116
0.9844666667302450
0.9848833333969116
0.9852333333969117
0.9856166667302450
0.9860166667302449
0.9862500000635783
0.9865500000635783
0.9868500000635783
0.9871166667302450
0.9873833333969116
0.9875333333969116
0.9877833333969116
0.9880000000635782
0.9881000000635783
0.9882666667302450
0.9883833333969116
0.9885166667302450
0.9886833333969116
0.9888000000635783
0.9889000000635783
0.9890166667302449
0.9892000000635783
0.9893833333969116
0.9894833333969116
0.9896166667302450
0.9897166667302449
0.9898333333969116
0.9899500000635783
0.9900666667302449
0.9901500000635783
0.9902666667302450
0.9904000000635783
0.9905333333969116
0.9905833333969116
0.9906166667302450
0.9906333333969116
0.9907500000635783
0.9908500000635783
0.9908666667302449
0.9909666667302449
0.9910666667302449
0.9912500000635783
0.9913666667302450
0.9914833333969116
0.9916500000635783
0.9916500000635783
0.9917666667302449
0.9918833333969116
0.9919333333969116
0.9920666667302449
0.9921666667302450
0.9921666667302450
0.9922666667302450
0.9923333333969117
0.9924000000635783
0.9924500000635783
0.9924833333969116
0.9925333333969116
0.9926000000635783
0.9926666667302450
0.9927166667302449
0.9927333333969116
0.9927500000635783
0.9928500000635783
0.9929500000635783
0.9929666667302449
0.9930166667302449
0.9930833333969116
0.9931333333969116
0.9931333333969116
0.9931666667302450
0.9931833333969117
0.9933166667302450
0.9933500000635783
0.9934000000635783
0.9934500000635783
0.9935000000635783
0.9935333333969116
0.9936000000635783
0.9936666667302450
0.9937500000635783
0.9938000000635783
0.9938166667302449
0.9938666667302449
0.9939000000635783
0.9939333333969116
0.9939833333969116
0.9940000000635782
0.9941000000635782
0.9941666667302450
0.9942166667302450
0.9942500000635783
0.9943333333969117
0.9943666667302450
0.9944000000635783
0.9944833333969116
0.9945166667302450
0.9945500000635783
0.9945833333969116
0.9946500000635783
0.9947166667302449
0.9947833333969116
0.9948333333969116
0.9948833333969116
0.9949333333969116
0.9949500000635783
0.9950000000635782
0.9950500000635782
0.9951333333969116
0.9951833333969117
0.9953000000635783
0.9953000000635783
0.9953166667302450
0.9953500000635783
0.9953666667302450
0.9953666667302450
0.9954000000635783
0.9955166667302450
0.9955500000635783
0.9955666667302450
0.9956000000635783
0.9956333333969116
0.9956500000635783
0.9957000000635783
0.9957500000635783
0.9957833333969116
0.9958333333969116
0.9958833333969116
0.9959666667302449
0.9960333333969116
0.9960833333969116
0.9961666667302450
0.9962000000635783
0.9962333333969117
0.9963000000635783
0.9963333333969117
0.9963666667302450
0.9964000000635783
0.9963833333969117
0.9963833333969117
0.9964166667302450
0.9964166667302450
0.9964833333969116
0.9965333333969116
0.9965500000635783
0.9965666667302450
0.9966000000635783
0.9966500000635783
0.9967000000635783
0.9967500000635783
0.9968333333969116
0.9968333333969116
0.9968333333969116
0.9968333333969116
0.9968500000635783
0.9968666667302449
0.9968833333969116
0.9968666667302449
0.9968666667302449
0.9968833333969116
0.9969500000635783
0.9969500000635783
0.9969833333969116
0.9970166667302449
0.9970500000635782
0.9970666667302449
0.9970666667302449
0.9971000000635782
0.9971000000635782
0.9971166667302449
0.9971333333969116
0.9971500000635782
0.9971666667302449
0.9972000000635783
0.9972333333969117
0.9972500000635783
0.9972666667302450
0.9973000000635783
0.9973000000635783
0.9973166667302450
