0.9124333333651224
0.9432833333333334
0.9569833333333333
0.9642500000000001
0.9688666666666667
0.9719500000317891
0.9741666666984559
0.9758166666984558
0.9772333333651225
0.9783500000317892
0.9794666666984558
0.9803500000317892
0.9810166666984558
0.9816333333651225
0.9824000000317892
0.9831833333651224
0.9836333333651225
0.9841000000317891
0.9844833333651225
0.9847833333651225
0.9851666666984558
0.9854666666984558
0.9858166666984558
0.9862000000317891
0.9863833333969116
0.9866333333969116
0.9869166667302449
0.9872666667302450
0.9873666667302450
0.9876000000635783
0.9878666667302449
0.9881166667302450
0.9883666667302450
0.9886000000635783
0.9887833333969116
0.9889000000635783
0.9890500000635782
0.9891666667302450
0.9893666667302450
0.9894833333969116
0.9896500000635783
0.9897000000635783
0.9898333333969116
0.9899666667302449
0.9900833333969116
0.9903166667302450
0.9904333333969116
0.9906000000635783
0.9906833333969116
0.9908000000635783
0.9909500000635783
0.9910333333969116
0.9911000000635782
0.9911333333969117
0.9911833333969117
0.9913000000635783
0.9914000000635783
0.9915333333969116
0.9915833333969116
0.9916500000635783
0.9917500000635783
0.9918166667302449
0.9918666667302449
0.9919333333969116
0.9920833333969116
0.9921666667302450
0.9921833333969117
0.9922833333969117
0.9923333333969117
0.9923833333969116
0.9924166667302450
0.9925166667302450
0.9925500000635783
0.9926666667302450
0.9927000000635783
0.9927166667302449
0.9927666667302449
0.9928000000635783
0.9928666667302449
0.9929000000635783
0.9930166667302449
0.9930333333969116
0.9930666667302449
0.9931000000635782
0.9931500000635783
0.9932333333969117
0.9932833333969117
0.9933833333969116
0.9934000000635783
0.9934333333969116
0.9935166667302450
0.9936000000635783
0.9936333333969116
0.9936833333969116
0.9937333333969116
0.9937500000635783
0.9937833333969116
0.9938166667302449
0.9938166667302449
0.9938666667302449
0.9939000000635783
0.9939666667302449
0.9941000000635782
0.9941833333969117
0.9942000000635783
0.9942166667302450
0.9942666667302450
0.9943166667302450
0.9943500000635783
0.9943666667302450
0.9944166667302450
0.9944666667302450
0.9945000000635783
0.9945166667302450
0.9945333333969116
0.9945666667302450
0.9945833333969116
0.9946333333969116
0.9947333333969116
0.9947666667302449
0.9947833333969116
0.9948000000635783
0.9948333333969116
0.9948666667302449
0.9948833333969116
0.9949333333969116
0.9949500000635783
0.9949833333969116
0.9950500000635782
0.9951333333969116
0.9951833333969117
0.9952000000635783
0.9952000000635783
0.9952666667302450
0.9952833333969117
0.9953166667302450
0.9953333333969117
0.9953666667302450
0.9954833333969116
0.9954833333969116
0.9955000000635783
0.9955166667302450
0.9955500000635783
0.9956000000635783
0.9956666667302450
0.9956833333969116
0.9957166667302449
0.9957833333969116
0.9958166667302449
0.9958166667302449
0.9958333333969116
0.9958833333969116
0.9959833333969116
0.9960500000635782
0.9960833333969116
0.9960833333969116
0.9961000000635782
0.9960833333969116
0.9961333333969116
0.9961666667302450
0.9962000000635783
0.9962166667302450
0.9962833333969117
0.9962833333969117
0.9963166667302450
0.9963166667302450
0.9963333333969117
0.9963500000635783
0.9964166667302450
0.9964500000635783
0.9964833333969116
0.9965166667302450
0.9965333333969116
0.9965666667302450
0.9965833333969116
0.9966000000635783
0.9966666667302450
0.9966833333969116
0.9967000000635783
0.9967166667302449
0.9967500000635783
0.9968166667302449
0.9968333333969116
0.9968166667302449
0.9968333333969116
0.9968500000635783
0.9968666667302449
0.9968833333969116
0.9968833333969116
0.9969000000635783
0.9969166667302449
0.9969333333969116
0.9969500000635783
0.9970000000635783
0.9970000000635783
0.9970333333969116
0.9970500000635782
0.9970833333969116
0.9971000000635782
0.9971333333969116
