0.90693333333333337
0.93989999999999996
0.95369999999999999
0.9617
0.96663333333333334
0.97040000000000004
0.97306666666666664
0.97498333333333331
0.97685
0.97809999999999997
0.97919999999999996
0.98024999999999995
0.98093333333333332
0.98163333333333336
0.98261666666666669
0.98326666666666662
0.98368333333333335
0.98431666666666662
0.9846166666666667
0.98514999999999997
0.98545000000000005
0.98568333333333336
0.9861833333333333
0.98660000000000003
0.98675000000000002
0.98706666666666665
0.98738333333333328
0.9876166666666667
0.98785000000000001
0.98814999999999997
0.98836666666666662
0.98851666666666671
0.98860000000000003
0.98883333333333334
0.98906666666666665
0.98916666666666664
0.98934999999999995
0.98943333333333339
0.98953333333333338
0.98970000000000002
0.98981666666666668
0.98998333333333333
0.99009999999999998
0.99033333333333329
0.99060000000000004
0.99065000000000003
0.99080000000000001
0.99093333333333333
0.99099999999999999
0.99106666666666665
0.99113333333333331
0.99124999999999996
0.99128333333333329
0.99148333333333338
0.99151666666666671
0.99171666666666669
0.99183333333333334
0.99198333333333333
0.99203333333333332
0.99209999999999998
0.99218333333333331
0.9922833333333333
0.99233333333333329
0.99243333333333328
0.99253333333333338
0.99263333333333337
0.99273333333333336
0.99276666666666669
0.99286666666666668
0.99291666666666667
0.99298333333333333
0.99304999999999999
0.99314999999999998
0.99314999999999998
0.99321666666666664
0.9932833333333333
0.99331666666666663
0.99336666666666662
0.99348333333333338
0.99355000000000004
0.99356666666666671
0.99363333333333337
0.99373333333333336
0.99383333333333335
0.99385000000000001
0.99393333333333334
0.99398333333333333
0.99408333333333332
0.99421666666666664
0.99424999999999997
0.99431666666666663
0.99436666666666662
0.99443333333333328
0.99444999999999995
0.99446666666666672
0.99451666666666672
0.99453333333333338
0.99456666666666671
0.99458333333333337
0.9946166666666667
0.99470000000000003
0.99475000000000002
0.99480000000000002
0.99486666666666668
0.99488333333333334
0.99493333333333334
0.99493333333333334
0.99495
0.99496666666666667
0.99501666666666666
0.99506666666666665
0.99513333333333331
0.99516666666666664
0.99519999999999997
0.99526666666666663
0.99533333333333329
0.99534999999999996
0.99538333333333329
0.99538333333333329
0.99541666666666662
0.99546666666666672
0.99550000000000005
0.99548333333333339
0.99555000000000005
0.99558333333333338
0.99565000000000003
0.99568333333333336
0.99570000000000003
0.99570000000000003
0.99576666666666669
0.99580000000000002
0.99580000000000002
0.99581666666666668
0.99590000000000001
0.99591666666666667
0.99593333333333334
0.99598333333333333
0.99601666666666666
0.99603333333333333
0.99604999999999999
0.99608333333333332
0.99614999999999998
0.99616666666666664
0.99618333333333331
0.99618333333333331
0.9962833333333333
0.99633333333333329
0.99639999999999995
0.99638333333333329
0.99646666666666661
0.99644999999999995
0.99648333333333339
0.99648333333333339
0.99656666666666671
0.99658333333333338
0.99661666666666671
0.99663333333333337
0.9967166666666667
0.99676666666666669
0.99678333333333335
0.99680000000000002
0.99683333333333335
0.99685000000000001
0.99686666666666668
0.99688333333333334
0.99690000000000001
0.99691666666666667
0.99691666666666667
0.99691666666666667
0.99693333333333334
0.99698333333333333
0.99703333333333333
0.99704999999999999
0.99708333333333332
0.99708333333333332
0.99708333333333332
0.99711666666666665
0.99716666666666665
0.99718333333333331
0.99718333333333331
0.99726666666666663
0.99729999999999996
0.99731666666666663
0.99733333333333329
0.99734999999999996
0.99736666666666662
0.99738333333333329
0.99739999999999995
0.99741666666666662
0.99741666666666662
0.99741666666666662
0.99743333333333328
0.99746666666666661
0.99746666666666661
0.99746666666666661
0.99748333333333339
0.99748333333333339
0.99753333333333338
0.99756666666666671
0.99760000000000004
