0.92745
0.94989999999999997
0.95918333333333339
0.96496666666666664
0.96835000000000004
0.97111666666666663
0.97358333333333336
0.97523333333333329
0.97663333333333335
0.9778
0.97898333333333332
0.97989999999999999
0.98086666666666666
0.98171666666666668
0.98243333333333338
0.98306666666666664
0.98366666666666669
0.98424999999999996
0.98466666666666669
0.98503333333333332
0.98550000000000004
0.98581666666666667
0.9861833333333333
0.98655000000000004
0.98671666666666669
0.98694999999999999
0.98729999999999996
0.98748333333333338
0.98775000000000002
0.98780000000000001
0.98798333333333332
0.98819999999999997
0.98826666666666663
0.98841666666666672
0.98855000000000004
0.98868333333333336
0.98883333333333334
0.9889
0.98896666666666666
0.98911666666666664
0.98934999999999995
0.98939999999999995
0.98951666666666671
0.9896166666666667
0.98968333333333336
0.98980000000000001
0.98995
0.99003333333333332
0.99004999999999999
0.99009999999999998
0.99028333333333329
0.99034999999999995
0.99050000000000005
0.99068333333333336
0.99073333333333335
0.99076666666666668
0.99083333333333334
0.99095
0.99109999999999998
0.99121666666666663
0.99133333333333329
0.99145000000000005
0.99148333333333338
0.99151666666666671
0.99163333333333337
0.99163333333333337
0.99170000000000003
0.99176666666666669
0.99180000000000001
0.99188333333333334
0.99193333333333333
0.99196666666666666
0.99203333333333332
0.99213333333333331
0.99218333333333331
0.99231666666666662
0.99238333333333328
0.99238333333333328
0.99248333333333338
0.99258333333333337
0.99265000000000003
0.9926666666666667
0.99268333333333336
0.99271666666666669
0.99273333333333336
0.99278333333333335
0.99285000000000001
0.99293333333333333
0.99296666666666666
0.99311666666666665
0.99318333333333331
0.99326666666666663
0.99329999999999996
0.99338333333333328
0.99343333333333328
0.99343333333333328
0.99353333333333338
0.9936666666666667
0.9936666666666667
0.99368333333333336
0.99373333333333336
0.99376666666666669
0.99378333333333335
0.99380000000000002
0.99381666666666668
0.99390000000000001
0.99391666666666667
0.99404999999999999
0.99406666666666665
0.99414999999999998
0.99416666666666664
0.99421666666666664
0.99426666666666663
0.99433333333333329
0.99438333333333329
0.99446666666666672
0.99448333333333339
0.99453333333333338
0.99458333333333337
0.99463333333333337
0.99465000000000003
0.99468333333333336
0.99468333333333336
0.99468333333333336
0.99471666666666669
0.99473333333333336
0.99480000000000002
0.99480000000000002
0.99486666666666668
0.99486666666666668
0.99493333333333334
0.995
0.99503333333333333
0.99506666666666665
0.99508333333333332
0.99509999999999998
0.99513333333333331
0.99519999999999997
0.99521666666666664
0.99524999999999997
0.99529999999999996
0.99531666666666663
0.99534999999999996
0.99538333333333329
0.99539999999999995
0.99544999999999995
0.99546666666666672
0.99555000000000005
0.99558333333333338
0.99563333333333337
0.99563333333333337
0.99563333333333337
0.99563333333333337
0.99563333333333337
0.99568333333333336
0.99563333333333337
0.9956666666666667
0.99570000000000003
0.99571666666666669
0.99571666666666669
0.99571666666666669
0.99575000000000002
0.99580000000000002
0.99586666666666668
0.99591666666666667
0.99593333333333334
0.99598333333333333
0.99598333333333333
0.99603333333333333
0.99604999999999999
0.99608333333333332
0.99611666666666665
0.99614999999999998
0.99616666666666664
0.99616666666666664
0.99618333333333331
0.99624999999999997
0.99629999999999996
0.99629999999999996
0.99636666666666662
0.99641666666666662
0.99641666666666662
0.99644999999999995
0.99644999999999995
0.99646666666666661
0.99650000000000005
0.99651666666666672
0.99658333333333338
0.99665000000000004
0.99668333333333337
0.99670000000000003
0.99670000000000003
0.9967166666666667
0.99675000000000002
0.99676666666666669
0.99681666666666668
0.99681666666666668
0.99683333333333335
0.99683333333333335
0.99685000000000001
