0.92056666666666664
0.94440000000000002
0.95558333333333334
0.96193333333333331
0.96631666666666671
0.96938333333333337
0.97189999999999999
0.97386666666666666
0.97535000000000005
0.97663333333333335
0.97776666666666667
0.97906666666666664
0.9798
0.98048333333333337
0.98136666666666672
0.98223333333333329
0.98288333333333333
0.98338333333333339
0.98371666666666668
0.98406666666666665
0.98453333333333337
0.98485
0.98519999999999996
0.98553333333333337
0.98581666666666667
0.98616666666666664
0.98641666666666672
0.98660000000000003
0.98688333333333333
0.9871833333333333
0.98743333333333339
0.9876166666666667
0.98773333333333335
0.98798333333333332
0.98813333333333331
0.98834999999999995
0.98858333333333337
0.98873333333333335
0.98881666666666668
0.98898333333333333
0.98909999999999998
0.9891833333333333
0.98931666666666662
0.98943333333333339
0.98953333333333338
0.98960000000000004
0.98971666666666669
0.98995
0.99004999999999999
0.99014999999999997
0.99026666666666663
0.99036666666666662
0.99053333333333338
0.9906166666666667
0.99071666666666669
0.99081666666666668
0.99098333333333333
0.99104999999999999
0.99118333333333331
0.99128333333333329
0.99148333333333338
0.99160000000000004
0.99165000000000003
0.99175000000000002
0.99186666666666667
0.99191666666666667
0.99199999999999999
0.99208333333333332
0.99214999999999998
0.9922333333333333
0.9922333333333333
0.99233333333333329
0.99238333333333328
0.99246666666666672
0.99246666666666672
0.99255000000000004
0.99258333333333337
0.99268333333333336
0.99275000000000002
0.99285000000000001
0.99285000000000001
0.99286666666666668
0.99291666666666667
0.99296666666666666
0.99301666666666666
0.99309999999999998
0.99318333333333331
0.9932333333333333
0.9932833333333333
0.99333333333333329
0.99345000000000006
0.99346666666666672
0.99350000000000005
0.99358333333333337
0.99363333333333337
0.99368333333333336
0.99378333333333335
0.99380000000000002
0.99381666666666668
0.99388333333333334
0.99393333333333334
0.99399999999999999
0.99396666666666667
0.99403333333333332
0.99411666666666665
0.99418333333333331
0.99421666666666664
0.99424999999999997
0.9942833333333333
0.99434999999999996
0.99436666666666662
0.99439999999999995
0.99448333333333339
0.99456666666666671
0.99456666666666671
0.99460000000000004
0.99460000000000004
0.99463333333333337
0.99460000000000004
0.99463333333333337
0.99471666666666669
0.99476666666666669
0.99480000000000002
0.99485000000000001
0.99485000000000001
0.99486666666666668
0.99490000000000001
0.99491666666666667
0.99496666666666667
0.995
0.99503333333333333
0.99506666666666665
0.99511666666666665
0.99518333333333331
0.99519999999999997
0.99524999999999997
0.9952833333333333
0.99534999999999996
0.99538333333333329
0.99538333333333329
0.99544999999999995
0.99546666666666672
0.99550000000000005
0.99556666666666671
0.99556666666666671
0.99558333333333338
0.99563333333333337
0.99563333333333337
0.99565000000000003
0.99568333333333336
0.99575000000000002
0.99578333333333335
0.99581666666666668
0.99586666666666668
0.99586666666666668
0.99596666666666667
0.99601666666666666
0.99603333333333333
0.99606666666666666
0.99606666666666666
0.99614999999999998
0.99619999999999997
0.99621666666666664
0.99626666666666663
0.9962833333333333
0.99631666666666663
0.9962833333333333
0.99634999999999996
0.99634999999999996
0.99636666666666662
0.99638333333333329
0.99641666666666662
0.99643333333333328
0.99643333333333328
0.99650000000000005
0.99655000000000005
0.99660000000000004
0.99661666666666671
0.99661666666666671
0.99665000000000004
0.99665000000000004
0.99670000000000003
0.99673333333333336
0.99678333333333335
0.99680000000000002
0.99681666666666668
0.99685000000000001
0.99685000000000001
0.99685000000000001
0.99688333333333334
0.99688333333333334
0.99688333333333334
0.99690000000000001
0.99690000000000001
0.99691666666666667
0.99696666666666667
0.99698333333333333
0.99701666666666666
0.99706666666666666
0.99709999999999999
