0.90426666666666666
0.93435000000000001
0.94911666666666672
0.95779999999999998
0.96348333333333336
0.96676666666666666
0.96960000000000002
0.97193333333333332
0.97375
0.97498333333333331
0.97624999999999995
0.97706666666666664
0.97799999999999998
0.97898333333333332
0.97965000000000002
0.98016666666666663
0.98101666666666665
0.98160000000000003
0.9821833333333333
0.9829
0.98333333333333328
0.98388333333333333
0.98436666666666661
0.98476666666666668
0.98508333333333331
0.98540000000000005
0.98571666666666669
0.98588333333333333
0.98611666666666664
0.98643333333333338
0.98673333333333335
0.98691666666666666
0.98713333333333331
0.98731666666666662
0.98750000000000004
0.9876166666666667
0.98776666666666668
0.98801666666666665
0.98816666666666664
0.98829999999999996
0.98841666666666672
0.98858333333333337
0.98870000000000002
0.98875000000000002
0.98885000000000001
0.98901666666666666
0.98914999999999997
0.98926666666666663
0.98936666666666662
0.98948333333333338
0.98953333333333338
0.9896166666666667
0.98958333333333337
0.9896166666666667
0.98965000000000003
0.98976666666666668
0.98991666666666667
0.98993333333333333
0.99011666666666664
0.99024999999999996
0.99041666666666661
0.99053333333333338
0.99076666666666668
0.99080000000000001
0.99088333333333334
0.99093333333333333
0.99104999999999999
0.99116666666666664
0.99131666666666662
0.99139999999999995
0.99150000000000005
0.99158333333333337
0.99171666666666669
0.99175000000000002
0.99180000000000001
0.99191666666666667
0.99211666666666665
0.99216666666666664
0.99221666666666664
0.9922833333333333
0.99238333333333328
0.99248333333333338
0.99255000000000004
0.99260000000000004
0.99263333333333337
0.99273333333333336
0.99281666666666668
0.99286666666666668
0.9929
0.99295
0.99293333333333333
0.99299999999999999
0.99306666666666665
0.99311666666666665
0.99314999999999998
0.99319999999999997
0.99324999999999997
0.99333333333333329
0.99336666666666662
0.99339999999999995
0.99353333333333338
0.99353333333333338
0.99355000000000004
0.99365000000000003
0.99376666666666669
0.99383333333333335
0.99390000000000001
0.99393333333333334
0.99396666666666667
0.99404999999999999
0.99409999999999998
0.99409999999999998
0.99413333333333331
0.99413333333333331
0.99418333333333331
0.99424999999999997
0.99429999999999996
0.99438333333333329
0.99443333333333328
0.99448333333333339
0.99453333333333338
0.99455000000000005
0.99455000000000005
0.99458333333333337
0.99460000000000004
0.9946666666666667
0.99470000000000003
0.99470000000000003
0.99470000000000003
0.99471666666666669
0.99471666666666669
0.99476666666666669
0.99478333333333335
0.99480000000000002
0.99480000000000002
0.99483333333333335
0.99488333333333334
0.99488333333333334
0.99493333333333334
0.99496666666666667
0.99501666666666666
0.99506666666666665
0.99514999999999998
0.99516666666666664
0.99521666666666664
0.9952833333333333
0.9952833333333333
0.99533333333333329
0.99536666666666662
0.99544999999999995
0.99544999999999995
0.99551666666666672
0.99553333333333338
0.99555000000000005
0.99558333333333338
0.9956666666666667
0.99568333333333336
0.99570000000000003
0.99570000000000003
0.99571666666666669
0.99575000000000002
0.99576666666666669
0.99588333333333334
0.99588333333333334
0.99591666666666667
0.99593333333333334
0.996
0.99603333333333333
0.99604999999999999
0.99606666666666666
0.99614999999999998
0.99618333333333331
0.99619999999999997
0.9962833333333333
0.99631666666666663
0.99636666666666662
0.99646666666666661
0.99650000000000005
0.99650000000000005
0.99651666666666672
0.99655000000000005
0.99656666666666671
0.99663333333333337
0.99665000000000004
0.99668333333333337
0.99670000000000003
0.99668333333333337
0.99670000000000003
0.99668333333333337
0.99670000000000003
0.9967166666666667
0.99676666666666669
0.99685000000000001
0.99685000000000001
0.99688333333333334
0.99688333333333334
0.99688333333333334
0.99690000000000001
0.99693333333333334
0.99693333333333334
