0.91223333333333334
0.94245000000000001
0.95576666666666665
0.96294999999999997
0.96801666666666664
0.97124999999999995
0.97366666666666668
0.97575000000000001
0.97729999999999995
0.97860000000000003
0.97948333333333337
0.98035000000000005
0.98108333333333331
0.98161666666666669
0.98228333333333329
0.98275000000000001
0.98329999999999995
0.98378333333333334
0.98409999999999997
0.98445000000000005
0.98483333333333334
0.98533333333333328
0.98583333333333334
0.98606666666666665
0.98650000000000004
0.98668333333333336
0.98713333333333331
0.98736666666666661
0.98760000000000003
0.98798333333333332
0.98829999999999996
0.98851666666666671
0.98870000000000002
0.98891666666666667
0.98903333333333332
0.98911666666666664
0.98924999999999996
0.98948333333333338
0.98965000000000003
0.98988333333333334
0.99001666666666666
0.99014999999999997
0.9901833333333333
0.99034999999999995
0.99043333333333339
0.99056666666666671
0.99068333333333336
0.99076666666666668
0.9909
0.99093333333333333
0.99109999999999998
0.99119999999999997
0.99126666666666663
0.99136666666666662
0.99148333333333338
0.99160000000000004
0.9916666666666667
0.99175000000000002
0.99181666666666668
0.99185000000000001
0.99196666666666666
0.99209999999999998
0.99219999999999997
0.99219999999999997
0.99224999999999997
0.99233333333333329
0.99238333333333328
0.99239999999999995
0.99246666666666672
0.99258333333333337
0.99268333333333336
0.99271666666666669
0.99280000000000002
0.99285000000000001
0.99286666666666668
0.99295
0.99299999999999999
0.99306666666666665
0.99314999999999998
0.99319999999999997
0.99338333333333328
0.99346666666666672
0.99360000000000004
0.99363333333333337
0.99365000000000003
0.99365000000000003
0.99371666666666669
0.99383333333333335
0.99393333333333334
0.99399999999999999
0.99406666666666665
0.99404999999999999
0.99408333333333332
0.99416666666666664
0.99421666666666664
0.99426666666666663
0.9942833333333333
0.99434999999999996
0.99439999999999995
0.99443333333333328
0.99448333333333339
0.99446666666666672
0.99456666666666671
0.99460000000000004
0.9946666666666667
0.9946666666666667
0.99473333333333336
0.99478333333333335
0.99483333333333335
0.99491666666666667
0.99496666666666667
0.99498333333333333
0.995
0.99503333333333333
0.99509999999999998
0.99514999999999998
0.99518333333333331
0.99524999999999997
0.99524999999999997
0.99529999999999996
0.99526666666666663
0.9952833333333333
0.99529999999999996
0.99536666666666662
0.99538333333333329
0.99539999999999995
0.99546666666666672
0.99548333333333339
0.99548333333333339
0.99551666666666672
0.99553333333333338
0.99555000000000005
0.99560000000000004
0.99565000000000003
0.99571666666666669
0.99576666666666669
0.99576666666666669
0.99581666666666668
0.99583333333333335
0.99581666666666668
0.99585000000000001
0.99586666666666668
0.99590000000000001
0.99593333333333334
0.99593333333333334
0.99596666666666667
0.99596666666666667
0.99598333333333333
0.99598333333333333
0.996
0.99601666666666666
0.99608333333333332
0.99613333333333332
0.99618333333333331
0.99618333333333331
0.99624999999999997
0.99626666666666663
0.99626666666666663
0.99626666666666663
0.9962833333333333
0.99631666666666663
0.99634999999999996
0.99639999999999995
0.99641666666666662
0.99644999999999995
0.99650000000000005
0.99653333333333338
0.99658333333333338
0.99665000000000004
0.9967166666666667
0.99675000000000002
0.99675000000000002
0.99678333333333335
0.99680000000000002
0.99685000000000001
0.99686666666666668
0.99686666666666668
0.99688333333333334
0.99686666666666668
0.99695
0.99696666666666667
0.99696666666666667
0.997
0.997
0.99701666666666666
0.99703333333333333
0.99704999999999999
0.99706666666666666
0.99708333333333332
0.99709999999999999
0.99709999999999999
0.99711666666666665
0.99711666666666665
0.99714999999999998
0.99719999999999998
0.99721666666666664
0.99726666666666663
0.99729999999999996
0.99731666666666663
0.99731666666666663
