6.104000000000000536e-01
7.636399999999999855e-01
8.049600000000000088e-01
8.381600000000000161e-01
8.573199999999999710e-01
8.695599999999999996e-01
8.782400000000000206e-01
8.842799999999999550e-01
8.918000000000000371e-01
8.910400000000000542e-01
8.961599999999999566e-01
9.058800000000000185e-01
9.134799999999999587e-01
9.088399999999999812e-01
9.290000000000000480e-01
9.158399999999999874e-01
9.335599999999999454e-01
9.131200000000000427e-01
9.155200000000000005e-01
8.842400000000000260e-01
9.124799999999999578e-01
9.241200000000000525e-01
9.268399999999999972e-01
9.308400000000000007e-01
9.458800000000000541e-01
9.542000000000000481e-01
9.554799999999999960e-01
9.566799999999999748e-01
9.546400000000000441e-01
9.506400000000000405e-01
