6.244800000000000351e-01
7.621999999999999886e-01
7.967600000000000238e-01
8.222399999999999709e-01
8.432800000000000296e-01
8.589200000000000168e-01
8.716000000000000414e-01
8.793199999999999905e-01
8.929599999999999760e-01
8.940000000000000169e-01
9.014799999999999480e-01
9.115199999999999969e-01
8.982400000000000384e-01
9.091599999999999682e-01
9.180800000000000072e-01
9.307999999999999607e-01
9.351599999999999913e-01
9.375200000000000200e-01
9.432800000000000074e-01
9.258800000000000363e-01
9.472000000000000419e-01
9.469999999999999529e-01
9.560800000000000409e-01
9.605200000000000404e-01
9.494799999999999907e-01
9.582399999999999807e-01
9.393599999999999728e-01
9.376400000000000290e-01
9.534399999999999542e-01
9.103599999999999470e-01
