6.166000000000000369e-01
7.760000000000000231e-01
8.158400000000000096e-01
8.329999999999999627e-01
8.464000000000000412e-01
8.667200000000000459e-01
8.729200000000000292e-01
8.885999999999999455e-01
8.987600000000000033e-01
8.930799999999999850e-01
9.044799999999999507e-01
9.117199999999999749e-01
9.190000000000000391e-01
9.247199999999999864e-01
9.320399999999999796e-01
9.224799999999999667e-01
9.197199999999999820e-01
9.313200000000000367e-01
9.435200000000000253e-01
9.482800000000000118e-01
9.534799999999999942e-01
9.553199999999999470e-01
9.472800000000000109e-01
9.499199999999999866e-01
9.209600000000000009e-01
9.245200000000000085e-01
9.544399999999999551e-01
9.664399999999999658e-01
9.679600000000000426e-01
9.669999999999999707e-01
