6.171200000000000019e-01
7.721999999999999975e-01
8.223599999999999799e-01
8.438799999999999635e-01
8.557200000000000362e-01
8.714399999999999924e-01
8.634800000000000253e-01
8.784399999999999986e-01
8.706800000000000095e-01
8.958000000000000407e-01
8.980799999999999894e-01
9.149599999999999955e-01
9.211599999999999788e-01
9.197199999999999820e-01
9.077600000000000113e-01
9.164400000000000324e-01
9.228800000000000336e-01
8.781999999999999806e-01
8.786000000000000476e-01
9.047600000000000087e-01
8.883999999999999675e-01
9.434799999999999853e-01
9.434399999999999453e-01
9.503599999999999826e-01
9.533599999999999852e-01
9.569199999999999928e-01
9.645200000000000440e-01
9.638799999999999590e-01
9.580400000000000027e-01
9.529199999999999893e-01
