6.213999999999999524e-01
7.700799999999999867e-01
8.169199999999999795e-01
8.427599999999999536e-01
8.530799999999999494e-01
8.731999999999999762e-01
8.820000000000000062e-01
8.887599999999999945e-01
8.816000000000000503e-01
8.951200000000000268e-01
9.093599999999999461e-01
9.220000000000000417e-01
9.254799999999999693e-01
9.303200000000000358e-01
9.371199999999999530e-01
9.349199999999999733e-01
9.353599999999999692e-01
9.378400000000000070e-01
9.277600000000000291e-01
9.340800000000000214e-01
9.025199999999999889e-01
9.156800000000000495e-01
9.260000000000000453e-01
9.446400000000000352e-01
9.581199999999999717e-01
9.607200000000000184e-01
9.614399999999999613e-01
9.710400000000000142e-01
9.673599999999999977e-01
9.729600000000000470e-01
