9.025333333333332986e-01
9.472000000000000419e-01
9.637333333333333307e-01
9.717000000000000082e-01
9.759999999999999787e-01
9.796333333333333560e-01
9.818166666666666709e-01
9.840333333333333155e-01
9.853166666666666185e-01
9.867666666666666808e-01
9.877333333333333520e-01
9.887666666666666826e-01
9.898000000000000131e-01
9.906333333333333657e-01
9.912333333333332996e-01
9.917333333333333556e-01
9.922499999999999654e-01
9.926500000000000323e-01
9.929999999999999938e-01
9.935000000000000497e-01
9.939999999999999947e-01
9.942833333333332968e-01
9.946833333333333638e-01
9.949000000000000066e-01
9.951499999999999790e-01
9.953666666666666218e-01
9.956833333333333647e-01
9.958500000000000130e-01
9.960333333333333261e-01
9.963166666666666282e-01
9.965666666666667117e-01
9.968166666666666842e-01
9.971666666666666456e-01
9.973833333333332885e-01
9.975166666666667181e-01
9.978000000000000203e-01
9.979500000000000037e-01
9.980666666666666575e-01
9.982166666666666410e-01
9.983833333333332893e-01
9.985333333333333838e-01
9.986166666666667080e-01
9.986833333333333673e-01
9.987833333333333563e-01
9.988166666666666860e-01
9.989000000000000101e-01
9.989166666666666750e-01
9.989833333333333343e-01
9.990666666666666584e-01
9.991333333333333178e-01
9.992666666666666364e-01
9.993333333333332957e-01
9.994166666666666199e-01
9.994499999999999496e-01
9.994833333333332792e-01
9.995166666666667199e-01
9.995500000000000496e-01
9.996333333333333737e-01
9.996666666666667034e-01
9.996833333333333682e-01
9.996833333333333682e-01
9.997333333333333627e-01
9.997500000000000275e-01
9.997500000000000275e-01
9.997833333333333572e-01
9.997833333333333572e-01
9.997833333333333572e-01
9.997833333333333572e-01
9.997833333333333572e-01
9.997833333333333572e-01
9.997833333333333572e-01
9.997833333333333572e-01
9.998000000000000220e-01
9.998000000000000220e-01
9.998166666666666869e-01
9.998166666666666869e-01
9.998333333333333517e-01
9.998333333333333517e-01
9.998333333333333517e-01
9.998333333333333517e-01
9.998500000000000165e-01
9.998500000000000165e-01
9.998500000000000165e-01
9.998666666666666814e-01
9.998666666666666814e-01
9.998833333333333462e-01
9.999000000000000110e-01
9.999000000000000110e-01
9.999000000000000110e-01
9.999000000000000110e-01
9.999000000000000110e-01
9.999000000000000110e-01
9.999333333333333407e-01
9.999333333333333407e-01
9.999500000000000055e-01
9.999500000000000055e-01
9.999833333333333352e-01
9.999833333333333352e-01
9.999833333333333352e-01
9.999833333333333352e-01
9.999833333333333352e-01
1.000000000000000000e+00
1.000000000000000000e+00
1.000000000000000000e+00
1.000000000000000000e+00
1.000000000000000000e+00
1.000000000000000000e+00
1.000000000000000000e+00
1.000000000000000000e+00
1.000000000000000000e+00
1.000000000000000000e+00
1.000000000000000000e+00
1.000000000000000000e+00
1.000000000000000000e+00
1.000000000000000000e+00
1.000000000000000000e+00
1.000000000000000000e+00
1.000000000000000000e+00
1.000000000000000000e+00
1.000000000000000000e+00
1.000000000000000000e+00
1.000000000000000000e+00
1.000000000000000000e+00
1.000000000000000000e+00
1.000000000000000000e+00
1.000000000000000000e+00
1.000000000000000000e+00
1.000000000000000000e+00
1.000000000000000000e+00
1.000000000000000000e+00
1.000000000000000000e+00
1.000000000000000000e+00
1.000000000000000000e+00
1.000000000000000000e+00
1.000000000000000000e+00
1.000000000000000000e+00
1.000000000000000000e+00
1.000000000000000000e+00
1.000000000000000000e+00
1.000000000000000000e+00
1.000000000000000000e+00
1.000000000000000000e+00
1.000000000000000000e+00
1.000000000000000000e+00
1.000000000000000000e+00
1.000000000000000000e+00
1.000000000000000000e+00
1.000000000000000000e+00
1.000000000000000000e+00
1.000000000000000000e+00
1.000000000000000000e+00
1.000000000000000000e+00
1.000000000000000000e+00
1.000000000000000000e+00
1.000000000000000000e+00
1.000000000000000000e+00
1.000000000000000000e+00
1.000000000000000000e+00
1.000000000000000000e+00
1.000000000000000000e+00
1.000000000000000000e+00
1.000000000000000000e+00
1.000000000000000000e+00
1.000000000000000000e+00
1.000000000000000000e+00
1.000000000000000000e+00
1.000000000000000000e+00
1.000000000000000000e+00
1.000000000000000000e+00
1.000000000000000000e+00
1.000000000000000000e+00
1.000000000000000000e+00
1.000000000000000000e+00
1.000000000000000000e+00
1.000000000000000000e+00
1.000000000000000000e+00
1.000000000000000000e+00
1.000000000000000000e+00
1.000000000000000000e+00
1.000000000000000000e+00
1.000000000000000000e+00
1.000000000000000000e+00
1.000000000000000000e+00
1.000000000000000000e+00
1.000000000000000000e+00
1.000000000000000000e+00
1.000000000000000000e+00
1.000000000000000000e+00
1.000000000000000000e+00
1.000000000000000000e+00
1.000000000000000000e+00
1.000000000000000000e+00
1.000000000000000000e+00
1.000000000000000000e+00
1.000000000000000000e+00
1.000000000000000000e+00
1.000000000000000000e+00
1.000000000000000000e+00
1.000000000000000000e+00
1.000000000000000000e+00
