9.223500000000000032e-01
9.569499999999999673e-01
9.687666666666666648e-01
9.752333333333332854e-01
9.791499999999999648e-01
9.815333333333333687e-01
9.837500000000000133e-01
9.852499999999999591e-01
9.865500000000000380e-01
9.877000000000000224e-01
9.888166666666666771e-01
9.898666666666666725e-01
9.906333333333333657e-01
9.912666666666666293e-01
9.920833333333333171e-01
9.926000000000000378e-01
9.932833333333332959e-01
9.938000000000000167e-01
9.941666666666666430e-01
9.946000000000000396e-01
9.948000000000000176e-01
9.951499999999999790e-01
9.954166666666666163e-01
9.956166666666667053e-01
9.958500000000000130e-01
9.961333333333333151e-01
9.963166666666666282e-01
9.965333333333333821e-01
9.967000000000000304e-01
9.968166666666666842e-01
9.969500000000000028e-01
9.970499999999999918e-01
9.971999999999999753e-01
9.972999999999999643e-01
9.975333333333333830e-01
9.977500000000000258e-01
9.978666666666666796e-01
9.979833333333333334e-01
9.980166666666666631e-01
9.981166666666666520e-01
9.982333333333333059e-01
9.983333333333332948e-01
9.985166666666667190e-01
9.986000000000000432e-01
9.987166666666666970e-01
9.988333333333333508e-01
9.990166666666666639e-01
9.990666666666666584e-01
9.991166666666666529e-01
9.991999999999999771e-01
9.992666666666666364e-01
9.993166666666666309e-01
9.993666666666666254e-01
9.993999999999999551e-01
9.994666666666666144e-01
9.995166666666667199e-01
9.995500000000000496e-01
9.995666666666667144e-01
9.996000000000000441e-01
9.996166666666667089e-01
9.996166666666667089e-01
9.996666666666667034e-01
9.996833333333333682e-01
9.996833333333333682e-01
9.996833333333333682e-01
9.997500000000000275e-01
9.997833333333333572e-01
9.998000000000000220e-01
9.998000000000000220e-01
9.998166666666666869e-01
9.998333333333333517e-01
9.998500000000000165e-01
9.998666666666666814e-01
9.998833333333333462e-01
9.998833333333333462e-01
9.999000000000000110e-01
9.999166666666666758e-01
9.999166666666666758e-01
9.999166666666666758e-01
9.999166666666666758e-01
9.999166666666666758e-01
9.999333333333333407e-01
9.999500000000000055e-01
9.999500000000000055e-01
9.999500000000000055e-01
9.999500000000000055e-01
9.999500000000000055e-01
9.999500000000000055e-01
9.999500000000000055e-01
9.999500000000000055e-01
9.999500000000000055e-01
9.999500000000000055e-01
9.999500000000000055e-01
9.999500000000000055e-01
9.999500000000000055e-01
9.999666666666666703e-01
9.999666666666666703e-01
9.999666666666666703e-01
9.999833333333333352e-01
9.999833333333333352e-01
9.999833333333333352e-01
9.999833333333333352e-01
9.999833333333333352e-01
9.999833333333333352e-01
9.999833333333333352e-01
9.999833333333333352e-01
9.999833333333333352e-01
9.999833333333333352e-01
9.999833333333333352e-01
9.999833333333333352e-01
9.999833333333333352e-01
9.999833333333333352e-01
9.999833333333333352e-01
9.999833333333333352e-01
9.999833333333333352e-01
9.999833333333333352e-01
1.000000000000000000e+00
1.000000000000000000e+00
1.000000000000000000e+00
1.000000000000000000e+00
1.000000000000000000e+00
1.000000000000000000e+00
1.000000000000000000e+00
1.000000000000000000e+00
1.000000000000000000e+00
1.000000000000000000e+00
1.000000000000000000e+00
1.000000000000000000e+00
1.000000000000000000e+00
1.000000000000000000e+00
1.000000000000000000e+00
1.000000000000000000e+00
1.000000000000000000e+00
1.000000000000000000e+00
1.000000000000000000e+00
1.000000000000000000e+00
1.000000000000000000e+00
1.000000000000000000e+00
1.000000000000000000e+00
1.000000000000000000e+00
1.000000000000000000e+00
1.000000000000000000e+00
1.000000000000000000e+00
1.000000000000000000e+00
1.000000000000000000e+00
1.000000000000000000e+00
1.000000000000000000e+00
1.000000000000000000e+00
1.000000000000000000e+00
1.000000000000000000e+00
1.000000000000000000e+00
1.000000000000000000e+00
1.000000000000000000e+00
1.000000000000000000e+00
1.000000000000000000e+00
1.000000000000000000e+00
1.000000000000000000e+00
1.000000000000000000e+00
1.000000000000000000e+00
1.000000000000000000e+00
1.000000000000000000e+00
1.000000000000000000e+00
1.000000000000000000e+00
1.000000000000000000e+00
1.000000000000000000e+00
1.000000000000000000e+00
1.000000000000000000e+00
1.000000000000000000e+00
1.000000000000000000e+00
1.000000000000000000e+00
1.000000000000000000e+00
1.000000000000000000e+00
1.000000000000000000e+00
1.000000000000000000e+00
1.000000000000000000e+00
1.000000000000000000e+00
1.000000000000000000e+00
1.000000000000000000e+00
1.000000000000000000e+00
1.000000000000000000e+00
1.000000000000000000e+00
1.000000000000000000e+00
1.000000000000000000e+00
1.000000000000000000e+00
1.000000000000000000e+00
1.000000000000000000e+00
1.000000000000000000e+00
1.000000000000000000e+00
1.000000000000000000e+00
1.000000000000000000e+00
1.000000000000000000e+00
1.000000000000000000e+00
1.000000000000000000e+00
1.000000000000000000e+00
1.000000000000000000e+00
1.000000000000000000e+00
1.000000000000000000e+00
1.000000000000000000e+00
1.000000000000000000e+00
1.000000000000000000e+00
