9.163666666666666627e-01
9.524333333333333540e-01
9.655000000000000249e-01
9.722333333333332828e-01
9.761166666666666325e-01
9.791833333333332945e-01
9.809499999999999886e-01
9.832833333333332870e-01
9.849333333333333274e-01
9.863666666666666138e-01
9.875000000000000444e-01
9.886666666666666936e-01
9.894500000000000517e-01
9.902666666666666284e-01
9.909166666666666679e-01
9.916500000000000314e-01
9.921166666666666467e-01
9.927333333333333565e-01
9.932999999999999607e-01
9.936000000000000387e-01
9.940166666666666595e-01
9.944833333333333858e-01
9.948666666666666769e-01
9.950999999999999845e-01
9.954499999999999460e-01
9.956166666666667053e-01
9.959666666666666668e-01
9.962999999999999634e-01
9.964833333333333876e-01
9.966666666666667007e-01
9.968666666666666787e-01
9.970833333333333215e-01
9.972166666666666401e-01
9.973833333333332885e-01
9.975333333333333830e-01
9.976833333333333664e-01
9.977666666666666906e-01
9.978833333333333444e-01
9.981166666666666520e-01
9.982666666666666355e-01
9.983666666666666245e-01
9.984666666666666135e-01
9.985333333333333838e-01
9.986333333333333728e-01
9.987166666666666970e-01
9.988166666666666860e-01
9.988500000000000156e-01
9.989333333333333398e-01
9.989500000000000046e-01
9.990333333333333288e-01
9.990999999999999881e-01
9.991833333333333123e-01
9.992666666666666364e-01
9.993333333333332957e-01
9.994166666666666199e-01
9.994333333333332847e-01
9.994666666666666144e-01
9.995666666666667144e-01
9.995833333333333792e-01
9.996000000000000441e-01
9.996333333333333737e-01
9.997000000000000330e-01
9.997166666666666979e-01
9.997166666666666979e-01
9.997333333333333627e-01
9.997333333333333627e-01
9.997666666666666924e-01
9.997666666666666924e-01
9.997666666666666924e-01
9.997833333333333572e-01
9.998000000000000220e-01
9.998000000000000220e-01
9.998333333333333517e-01
9.998333333333333517e-01
9.998500000000000165e-01
9.998500000000000165e-01
9.998500000000000165e-01
9.998666666666666814e-01
9.998666666666666814e-01
9.998833333333333462e-01
9.998833333333333462e-01
9.999166666666666758e-01
9.999166666666666758e-01
9.999166666666666758e-01
9.999166666666666758e-01
9.999166666666666758e-01
9.999166666666666758e-01
9.999166666666666758e-01
9.999333333333333407e-01
9.999333333333333407e-01
9.999333333333333407e-01
9.999333333333333407e-01
9.999333333333333407e-01
9.999333333333333407e-01
9.999500000000000055e-01
9.999500000000000055e-01
9.999500000000000055e-01
9.999666666666666703e-01
9.999666666666666703e-01
9.999833333333333352e-01
9.999833333333333352e-01
9.999833333333333352e-01
9.999833333333333352e-01
9.999833333333333352e-01
9.999833333333333352e-01
9.999833333333333352e-01
9.999833333333333352e-01
9.999833333333333352e-01
9.999833333333333352e-01
9.999833333333333352e-01
9.999833333333333352e-01
9.999833333333333352e-01
9.999833333333333352e-01
9.999833333333333352e-01
9.999833333333333352e-01
9.999833333333333352e-01
9.999833333333333352e-01
1.000000000000000000e+00
1.000000000000000000e+00
1.000000000000000000e+00
1.000000000000000000e+00
1.000000000000000000e+00
1.000000000000000000e+00
1.000000000000000000e+00
1.000000000000000000e+00
1.000000000000000000e+00
1.000000000000000000e+00
1.000000000000000000e+00
1.000000000000000000e+00
1.000000000000000000e+00
1.000000000000000000e+00
1.000000000000000000e+00
1.000000000000000000e+00
1.000000000000000000e+00
1.000000000000000000e+00
1.000000000000000000e+00
1.000000000000000000e+00
1.000000000000000000e+00
1.000000000000000000e+00
1.000000000000000000e+00
1.000000000000000000e+00
1.000000000000000000e+00
1.000000000000000000e+00
1.000000000000000000e+00
1.000000000000000000e+00
1.000000000000000000e+00
1.000000000000000000e+00
1.000000000000000000e+00
1.000000000000000000e+00
1.000000000000000000e+00
1.000000000000000000e+00
1.000000000000000000e+00
1.000000000000000000e+00
1.000000000000000000e+00
1.000000000000000000e+00
1.000000000000000000e+00
1.000000000000000000e+00
1.000000000000000000e+00
1.000000000000000000e+00
1.000000000000000000e+00
1.000000000000000000e+00
1.000000000000000000e+00
1.000000000000000000e+00
1.000000000000000000e+00
1.000000000000000000e+00
1.000000000000000000e+00
1.000000000000000000e+00
1.000000000000000000e+00
1.000000000000000000e+00
1.000000000000000000e+00
1.000000000000000000e+00
1.000000000000000000e+00
1.000000000000000000e+00
1.000000000000000000e+00
1.000000000000000000e+00
1.000000000000000000e+00
1.000000000000000000e+00
1.000000000000000000e+00
1.000000000000000000e+00
1.000000000000000000e+00
1.000000000000000000e+00
1.000000000000000000e+00
1.000000000000000000e+00
1.000000000000000000e+00
1.000000000000000000e+00
1.000000000000000000e+00
1.000000000000000000e+00
1.000000000000000000e+00
1.000000000000000000e+00
1.000000000000000000e+00
1.000000000000000000e+00
1.000000000000000000e+00
1.000000000000000000e+00
1.000000000000000000e+00
1.000000000000000000e+00
1.000000000000000000e+00
1.000000000000000000e+00
1.000000000000000000e+00
1.000000000000000000e+00
1.000000000000000000e+00
