9.071833333333333416e-01
9.524666666666666837e-01
9.687000000000000055e-01
9.752833333333332799e-01
9.795666666666666966e-01
9.820666666666666433e-01
9.843666666666666121e-01
9.857833333333333448e-01
9.867666666666666808e-01
9.875666666666667037e-01
9.884666666666667156e-01
9.893833333333332813e-01
9.900666666666666504e-01
9.906166666666667009e-01
9.911999999999999700e-01
9.916000000000000369e-01
9.922666666666666302e-01
9.926666666666666972e-01
9.929499999999999993e-01
9.933499999999999552e-01
9.937166666666666925e-01
9.939833333333333298e-01
9.943166666666666265e-01
9.946666666666666989e-01
9.949333333333333362e-01
9.950833333333333197e-01
9.953999999999999515e-01
9.956666666666666998e-01
9.959500000000000020e-01
9.961666666666666448e-01
9.964166666666666172e-01
9.966166666666667062e-01
9.967333333333333600e-01
9.968666666666666787e-01
9.970166666666666622e-01
9.972499999999999698e-01
9.973833333333332885e-01
9.975833333333333774e-01
9.977166666666666961e-01
9.978500000000000147e-01
9.979666666666666686e-01
9.980333333333333279e-01
9.981666666666666465e-01
9.982499999999999707e-01
9.983833333333332893e-01
9.985000000000000542e-01
9.985666666666667135e-01
9.986833333333333673e-01
9.987666666666666915e-01
9.988166666666666860e-01
9.988833333333333453e-01
9.989666666666666694e-01
9.990333333333333288e-01
9.990666666666666584e-01
9.992166666666666419e-01
9.992666666666666364e-01
9.993166666666666309e-01
9.993666666666666254e-01
9.994166666666666199e-01
9.994499999999999496e-01
9.994666666666666144e-01
9.995000000000000551e-01
9.995000000000000551e-01
9.995333333333333847e-01
9.996000000000000441e-01
9.996166666666667089e-01
9.996666666666667034e-01
9.997000000000000330e-01
9.997166666666666979e-01
9.997333333333333627e-01
9.997333333333333627e-01
9.997500000000000275e-01
9.997833333333333572e-01
9.998000000000000220e-01
9.998000000000000220e-01
9.998000000000000220e-01
9.998333333333333517e-01
9.998500000000000165e-01
9.998500000000000165e-01
9.998500000000000165e-01
9.998500000000000165e-01
9.998666666666666814e-01
9.998666666666666814e-01
9.999000000000000110e-01
9.999333333333333407e-01
9.999333333333333407e-01
9.999500000000000055e-01
9.999500000000000055e-01
9.999666666666666703e-01
9.999833333333333352e-01
1.000000000000000000e+00
1.000000000000000000e+00
1.000000000000000000e+00
1.000000000000000000e+00
1.000000000000000000e+00
1.000000000000000000e+00
1.000000000000000000e+00
1.000000000000000000e+00
1.000000000000000000e+00
1.000000000000000000e+00
1.000000000000000000e+00
1.000000000000000000e+00
1.000000000000000000e+00
1.000000000000000000e+00
1.000000000000000000e+00
1.000000000000000000e+00
1.000000000000000000e+00
1.000000000000000000e+00
1.000000000000000000e+00
1.000000000000000000e+00
1.000000000000000000e+00
1.000000000000000000e+00
1.000000000000000000e+00
1.000000000000000000e+00
1.000000000000000000e+00
1.000000000000000000e+00
1.000000000000000000e+00
1.000000000000000000e+00
1.000000000000000000e+00
1.000000000000000000e+00
1.000000000000000000e+00
1.000000000000000000e+00
1.000000000000000000e+00
1.000000000000000000e+00
1.000000000000000000e+00
1.000000000000000000e+00
1.000000000000000000e+00
1.000000000000000000e+00
1.000000000000000000e+00
1.000000000000000000e+00
1.000000000000000000e+00
1.000000000000000000e+00
1.000000000000000000e+00
1.000000000000000000e+00
1.000000000000000000e+00
1.000000000000000000e+00
1.000000000000000000e+00
1.000000000000000000e+00
1.000000000000000000e+00
1.000000000000000000e+00
1.000000000000000000e+00
1.000000000000000000e+00
1.000000000000000000e+00
1.000000000000000000e+00
1.000000000000000000e+00
1.000000000000000000e+00
1.000000000000000000e+00
1.000000000000000000e+00
1.000000000000000000e+00
1.000000000000000000e+00
1.000000000000000000e+00
1.000000000000000000e+00
1.000000000000000000e+00
1.000000000000000000e+00
1.000000000000000000e+00
1.000000000000000000e+00
1.000000000000000000e+00
1.000000000000000000e+00
1.000000000000000000e+00
1.000000000000000000e+00
1.000000000000000000e+00
1.000000000000000000e+00
1.000000000000000000e+00
1.000000000000000000e+00
1.000000000000000000e+00
1.000000000000000000e+00
1.000000000000000000e+00
1.000000000000000000e+00
1.000000000000000000e+00
1.000000000000000000e+00
1.000000000000000000e+00
1.000000000000000000e+00
1.000000000000000000e+00
1.000000000000000000e+00
1.000000000000000000e+00
1.000000000000000000e+00
1.000000000000000000e+00
1.000000000000000000e+00
1.000000000000000000e+00
1.000000000000000000e+00
1.000000000000000000e+00
1.000000000000000000e+00
1.000000000000000000e+00
1.000000000000000000e+00
1.000000000000000000e+00
1.000000000000000000e+00
1.000000000000000000e+00
1.000000000000000000e+00
1.000000000000000000e+00
1.000000000000000000e+00
1.000000000000000000e+00
1.000000000000000000e+00
1.000000000000000000e+00
1.000000000000000000e+00
1.000000000000000000e+00
1.000000000000000000e+00
1.000000000000000000e+00
1.000000000000000000e+00
1.000000000000000000e+00
1.000000000000000000e+00
