9.115499999999999714e-01
9.508666666666666378e-01
9.652833333333333821e-01
9.727000000000000091e-01
9.767500000000000071e-01
9.798666666666666636e-01
9.819499999999999895e-01
9.838166666666666726e-01
9.854000000000000536e-01
9.865833333333333677e-01
9.877000000000000224e-01
9.884833333333333805e-01
9.893499999999999517e-01
9.900999999999999801e-01
9.908500000000000085e-01
9.914500000000000535e-01
9.922166666666666357e-01
9.927166666666666917e-01
9.931666666666666421e-01
9.936333333333333684e-01
9.940666666666666540e-01
9.944666666666667210e-01
9.947666666666666879e-01
9.950499999999999901e-01
9.952666666666666329e-01
9.955500000000000460e-01
9.958000000000000185e-01
9.960166666666666613e-01
9.962833333333332986e-01
9.964666666666666117e-01
9.967666666666666897e-01
9.970166666666666622e-01
9.972333333333333050e-01
9.973666666666666236e-01
9.975666666666667126e-01
9.977500000000000258e-01
9.979333333333333389e-01
9.981166666666666520e-01
9.982166666666666410e-01
9.983166666666666300e-01
9.983833333333332893e-01
9.985000000000000542e-01
9.985833333333333783e-01
9.987166666666666970e-01
9.987500000000000266e-01
9.988833333333333453e-01
9.989000000000000101e-01
9.989166666666666750e-01
9.989833333333333343e-01
9.990499999999999936e-01
9.990833333333333233e-01
9.991999999999999771e-01
9.991833333333333123e-01
9.992166666666666419e-01
9.992499999999999716e-01
9.993166666666666309e-01
9.993333333333332957e-01
9.993999999999999551e-01
9.994666666666666144e-01
9.995166666666667199e-01
9.995333333333333847e-01
9.995666666666667144e-01
9.996000000000000441e-01
9.996166666666667089e-01
9.996500000000000385e-01
9.996500000000000385e-01
9.996833333333333682e-01
9.997000000000000330e-01
9.997166666666666979e-01
9.997333333333333627e-01
9.997833333333333572e-01
9.998166666666666869e-01
9.998166666666666869e-01
9.998166666666666869e-01
9.998333333333333517e-01
9.998333333333333517e-01
9.998333333333333517e-01
9.998500000000000165e-01
9.998666666666666814e-01
9.998833333333333462e-01
9.999000000000000110e-01
9.999000000000000110e-01
9.999000000000000110e-01
9.999166666666666758e-01
9.999166666666666758e-01
9.999166666666666758e-01
9.999166666666666758e-01
9.999166666666666758e-01
9.999166666666666758e-01
9.999166666666666758e-01
9.999166666666666758e-01
9.999500000000000055e-01
9.999666666666666703e-01
9.999666666666666703e-01
9.999666666666666703e-01
9.999666666666666703e-01
9.999833333333333352e-01
9.999833333333333352e-01
9.999833333333333352e-01
9.999833333333333352e-01
9.999833333333333352e-01
9.999833333333333352e-01
9.999833333333333352e-01
9.999833333333333352e-01
9.999833333333333352e-01
9.999833333333333352e-01
9.999833333333333352e-01
9.999833333333333352e-01
9.999833333333333352e-01
9.999833333333333352e-01
9.999833333333333352e-01
9.999833333333333352e-01
9.999833333333333352e-01
1.000000000000000000e+00
1.000000000000000000e+00
1.000000000000000000e+00
1.000000000000000000e+00
1.000000000000000000e+00
1.000000000000000000e+00
1.000000000000000000e+00
1.000000000000000000e+00
1.000000000000000000e+00
1.000000000000000000e+00
1.000000000000000000e+00
1.000000000000000000e+00
1.000000000000000000e+00
1.000000000000000000e+00
1.000000000000000000e+00
1.000000000000000000e+00
1.000000000000000000e+00
1.000000000000000000e+00
1.000000000000000000e+00
1.000000000000000000e+00
1.000000000000000000e+00
1.000000000000000000e+00
1.000000000000000000e+00
1.000000000000000000e+00
1.000000000000000000e+00
1.000000000000000000e+00
1.000000000000000000e+00
1.000000000000000000e+00
1.000000000000000000e+00
1.000000000000000000e+00
1.000000000000000000e+00
1.000000000000000000e+00
1.000000000000000000e+00
1.000000000000000000e+00
1.000000000000000000e+00
1.000000000000000000e+00
1.000000000000000000e+00
1.000000000000000000e+00
1.000000000000000000e+00
1.000000000000000000e+00
1.000000000000000000e+00
1.000000000000000000e+00
1.000000000000000000e+00
1.000000000000000000e+00
1.000000000000000000e+00
1.000000000000000000e+00
1.000000000000000000e+00
1.000000000000000000e+00
1.000000000000000000e+00
1.000000000000000000e+00
1.000000000000000000e+00
1.000000000000000000e+00
1.000000000000000000e+00
1.000000000000000000e+00
1.000000000000000000e+00
1.000000000000000000e+00
1.000000000000000000e+00
1.000000000000000000e+00
1.000000000000000000e+00
1.000000000000000000e+00
1.000000000000000000e+00
1.000000000000000000e+00
1.000000000000000000e+00
1.000000000000000000e+00
1.000000000000000000e+00
1.000000000000000000e+00
1.000000000000000000e+00
1.000000000000000000e+00
1.000000000000000000e+00
1.000000000000000000e+00
1.000000000000000000e+00
1.000000000000000000e+00
1.000000000000000000e+00
1.000000000000000000e+00
1.000000000000000000e+00
1.000000000000000000e+00
1.000000000000000000e+00
1.000000000000000000e+00
1.000000000000000000e+00
1.000000000000000000e+00
1.000000000000000000e+00
1.000000000000000000e+00
1.000000000000000000e+00
1.000000000000000000e+00
1.000000000000000000e+00
1.000000000000000000e+00
1.000000000000000000e+00
